Protein	160611_0001_halfDIA_1 Area	160611_0001_halfDIA_2 Area	160611_0001_halfDIA_3 Area	160611_0001_fullDIA_1 Area	160611_0001_fullDIA_2 Area	160611_0001_fullDIA_3 Area	nFragment	nPeptide
A2AS89_199	438969	421839	431594	932000	975726	911034	22	1
A2AS89_223	2.24602e+006	2.05817e+006	2.11584e+006	4.55235e+006	4.56612e+006	4.23254e+006	25	1
A2ATU0_156	138313	234904	141361	606774	277902	252679	19	1
A2ATU0_184	334780	355098	365989	1.57863e+006	1.69154e+006	1.54306e+006	34	2
A2ATU0_189	231754	203994	187293	544450	622587	526568	13	1
A2ATU0_488	191367	184467	201738	393733	482308	393811	12	1
A2ATU0_819	2.67304e+006	2.04043e+006	2.01152e+006	3.61323e+006	4.82033e+006	4.49738e+006	39	3
ALBU_HUMAN_236	174476	164990	108423	284032	326853	255416	12	1
B1AR13_124	72355	60067	27595	92037	78430	90038	8	1
CYB5_HUMAN_38	1.41405e+006	1.309e+006	1.19231e+006	2.72728e+006	3.18818e+006	2.91375e+006	13	1
CYC_HUMAN_99	324777	317496	329327	726417	756600	705162	12	1
DHE3_BOVIN_162	84781	113817	92714	1.58195e+006	1.6667e+006	1.26375e+006	25	1
DHE3_BOVIN_191	922689	809005	859662	1.88128e+006	1.94523e+006	1.88721e+006	18	1
DHE3_BOVIN_200	128406	133346	151874	313188	377040	419118	11	1
DHE3_BOVIN_390	683564	599724	636421	1.45081e+006	1.21505e+006	1.11409e+006	13	1
DHE3_BOVIN_415	569573	570786	505317	1.24422e+006	1.33151e+006	1.29779e+006	12	1
DHE3_BOVIN_457	6.56592e+006	6.83528e+006	7.06474e+006	1.42262e+007	1.48225e+007	1.40074e+007	13	1
DHE3_BOVIN_503	3.15712e+007	2.96058e+007	2.92271e+007	6.24139e+007	6.22646e+007	5.96138e+007	26	1
DHE3_BOVIN_527	8.27577e+006	7.0566e+006	5.75384e+006	2.63878e+007	2.67377e+007	2.3294e+007	26	1
DHE3_BOVIN_84	1.80007e+007	1.69231e+007	1.5514e+007	3.93659e+007	3.98824e+007	3.6797e+007	38	2
DHE3_BOVIN_90	2.41053e+007	2.30345e+007	2.22228e+007	4.87908e+007	4.95591e+007	4.62269e+007	39	2
G3X982_421	778616	698199	624737	1.11284e+006	1.23874e+006	1.2058e+006	21	1
G3X982_895	66268	54353	62328	174065	187875	166262	11	1
GSTA1_HUMAN_137	7.60209e+006	7.23222e+006	7.44406e+006	1.60417e+007	1.63451e+007	1.58666e+007	44	2
GSTA1_HUMAN_77	265921	265315	264593	804374	833636	725132	12	1
O08709_63	658091	631217	649799	1.34632e+006	1.47182e+006	1.39768e+006	8	1
O08749_122	1.5749e+006	1.44155e+006	1.46728e+006	3.14555e+006	3.35302e+006	3.05183e+006	24	1
O08749_132	2.02078e+006	2.27589e+006	2.13086e+006	4.76854e+006	5.17355e+006	4.32834e+006	26	1
O08749_143	1.18382e+007	1.13497e+007	1.05297e+007	2.39421e+007	2.51716e+007	2.36242e+007	25	1
O08749_277	970641	959141	951441	1.18818e+006	1.17471e+006	1.22007e+006	13	1
O08749_410	1.08493e+006	983384	989247	2.16763e+006	2.08428e+006	2.01516e+006	25	1
O08749_420	8.5678e+006	8.222e+006	8.34613e+006	1.66387e+007	1.74107e+007	1.65323e+007	26	1
O08997_60	178161	131674	167586	343931	246271	404174	13	1
O09167_78	248641	193503	258909	508511	584716	511687	12	1
O09173_162	39454	66367	46337	197909	145489	185640	12	1
O09173_380	202802	192647	211655	378607	459580	334666	11	1
O09174_57	1.63532e+006	1.57735e+006	1.58339e+006	3.38637e+006	3.57062e+006	3.2835e+006	13	1
O35129_236	128711	122990	108464	288539	296896	256920	13	1
O35129_244	205880	270257	159663	292396	686869	283820	13	1
O35129_262	32884	30545	26263	73245	80056	74499	10	1
O35459_76	241509	200350	231235	450783	436652	441621	11	1
O35488_540	100335	77612	91967	166242	175797	179861	12	1
O35490_132	236591	216989	170938	529039	544098	452264	10	1
O35490_150	3.06022e+006	2.68825e+006	2.87875e+006	6.43386e+006	6.98409e+006	6.45882e+006	31	2
O35490_229	817288	978352	801645	3.46424e+006	3.44783e+006	3.34849e+006	33	2
O35490_283	2.30451e+006	2.11476e+006	2.09178e+006	4.67265e+006	5.06662e+006	4.53873e+006	12	1
O35490_40	290841	370231	365380	914907	927480	745316	13	1
O35490_93	671072	631987	632674	1.34403e+006	1.37862e+006	1.28121e+006	12	1
O35660_50	1.73413e+006	1.44266e+006	1.1054e+006	3.46233e+006	3.35657e+006	3.17148e+006	11	1
O35963_83	445816	404545	285367	981877	940080	947721	24	1
O55060_140	312009	255255	265882	628460	693221	565968	11	1
O55125_157	751950	708706	591574	1.43922e+006	1.50753e+006	1.41176e+006	11	1
O55125_191	1.62683e+007	1.48973e+007	1.36984e+007	3.81499e+007	3.8685e+007	3.48383e+007	26	1
O55125_191_193	126899	155577	115301	463355	352316	344211	12	1
O55125_279	7.38742e+006	6.81269e+006	6.2782e+006	1.71394e+007	1.7596e+007	1.57704e+007	26	1
O55137_42	810659	706667	694225	1.53313e+006	1.55054e+006	1.59032e+006	24	2
O55142_45	154061	105098	148372	348523	300453	316912	10	1
O88451_224	544953	2.06089e+006	2.08936e+006	4.86516e+006	5.29194e+006	4.72244e+006	13	1
O88451_64	998305	988604	845080	2.09354e+006	2.16112e+006	1.93484e+006	23	1
O88696_207	317318	290512	295681	550418	368013	621986	11	1
O88844_126	128117	126906	111782	326048	282022	252357	10	1
O88844_224	66489	71373	64442	143858	166008	165272	12	1
O88844_233	749208	720635	679253	1.52877e+006	1.71465e+006	1.76257e+006	34	3
O88844_234	710912	677497	716630	1.53636e+006	1.46905e+006	1.33881e+006	38	2
O88844_321	407006	382629	353088	1.38775e+006	1.36061e+006	1.13236e+006	11	1
O88844_406	213690	216092	190439	292040	306627	290111	13	1
O88844_81	799665	699329	673919	1.57839e+006	1.7053e+006	1.56816e+006	36	2
O88844_93	237804	243980	235941	486836	544014	554173	13	1
O88986_184	3.13053e+006	2.89853e+006	2.68415e+006	6.59511e+006	6.54295e+006	5.94843e+006	26	1
O88986_323	10276	5407	11115	229349	243671	145960	12	1
O88986_365	245250	222941	241516	406164	452009	523357	13	1
O88986_42	130336	118899	106013	172767	155595	154514	10	1
P00186_440	134075	133156	110408	259892	320505	215334	11	1
P00186_453	187813	407074	396708	817878	837838	766967	11	1
P00329_20	161062	186437	215451	1.09194e+006	1.16656e+006	963668	13	1
P00329_229	303387	293927	310239	642013	715345	671534	11	1
P00329_316	59454	59301	48460	120621	158006	75996	6	1
P00329_331	1.25238e+006	977334	1.01429e+006	2.28889e+006	2.55363e+006	2.23898e+006	12	1
P00329_339	1.52286e+006	1.35859e+006	1.43843e+006	3.05278e+006	3.25035e+006	2.8043e+006	13	1
P01942_17	766803	728594	694587	1.53692e+006	1.55092e+006	1.53664e+006	11	1
P01942_57	369641	366417	364568	754243	745489	681068	21	1
P02088_145	2.02108e+006	1.96632e+006	1.87117e+006	4.01233e+006	4.36751e+006	4.02287e+006	25	1
P02088_18	1.57161e+007	1.41594e+007	1.26935e+007	3.59771e+007	3.66404e+007	3.27435e+007	26	1
P02088_60	251612	253084	252670	744835	791246	663154	12	1
P02088_96	1.90045e+006	1.75157e+006	1.69336e+006	4.50159e+006	4.1992e+006	3.828e+006	20	1
P02089_18	5.65149e+006	5.42386e+006	4.5328e+006	2.27655e+007	2.18519e+007	1.97119e+007	26	1
P03930_54	615322	582383	599277	1.31147e+006	1.41135e+006	1.19914e+006	21	1
P05201_290	381222	344740	342513	291597	766260	799342	13	1
P05202_107	38463	34271	49313	698255	698046	629498	16	1
P05202_122	2.46673e+006	2.45873e+006	1.93215e+006	7.47705e+006	5.20472e+006	5.44674e+006	23	1
P05202_227	1.25317e+006	1.2028e+006	1.02649e+006	3.93803e+006	4.08358e+006	3.73825e+006	12	1
P05202_234	340278	390648	378629	614416	648747	593500	10	1
P05202_296	932898	830926	820407	1.36469e+006	1.47594e+006	1.31598e+006	18	1
P05202_296_302	62098	76389	73095	163661	183699	164083	11	1
P05202_302	1.00852e+006	995643	923724	2.12793e+006	2.2663e+006	2.1455e+006	13	1
P05202_309	7.46368e+006	6.47341e+006	5.9453e+006	1.82987e+007	1.6253e+007	1.73062e+007	43	2
P05202_338	800207	797281	723169	2.45308e+006	2.2561e+006	2.19158e+006	23	1
P05202_345	1.19746e+006	1.03495e+006	765969	1.89542e+006	2.14854e+006	1.61064e+006	34	2
P05202_363	6.58495e+006	6.19835e+006	6.21845e+006	1.33034e+007	1.28923e+007	1.29388e+007	12	1
P05202_387	241341	327516	366842	1.51981e+006	1.52068e+006	1.36033e+006	13	1
P05202_404	4.74923e+006	4.41277e+006	4.11784e+006	1.08497e+007	1.08655e+007	9.97196e+006	52	2
P06151_118	243768	250670	225873	969712	990172	875171	25	1
P06151_228	201627	179711	178172	386085	425329	397268	12	1
P06745_12	61869	41997	47180	257871	136238	98134	8	1
P06745_142	108936	86067	104068	194550	200904	203561	13	1
P06801_422	30008	35688	39799	94163	85575	81275	10	1
P07356_227	360352	354300	362469	909617	1.05886e+006	1.06229e+006	21	1
P07724_212	226696	189946	196983	430950	452969	404564	11	1
P07724_309	335559	334133	339361	693450	782217	732074	12	1
P07758_292	366381	361189	353708	935249	932449	727540	24	2
P07901_408	317043	303515	303663	708293	756959	689108	11	1
P08228_123	1.24669e+006	1.15815e+006	1.18112e+006	2.69221e+006	2.74528e+006	2.58132e+006	45	2
P08228_137	35600	34381	34735	73470	76164	67951	10	1
P08249_185	1.618e+006	1.4899e+006	1.48878e+006	3.86102e+006	4.02691e+006	3.85839e+006	25	1
P08249_239	100663	113161	90047	232787	196551	196720	13	1
P08249_296	1.9177e+006	1.84231e+006	1.64114e+006	4.67513e+006	4.16043e+006	4.19526e+006	23	1
P08249_301	2.42068e+006	1.17358e+006	2.63838e+006	5.71614e+006	5.43237e+006	5.45803e+006	39	2
P08249_307	762176	743554	614126	1.70575e+006	1.65008e+006	1.63619e+006	12	1
P08249_314	1.65452e+006	1.55846e+006	1.48407e+006	6.50641e+006	6.66242e+006	5.97464e+006	26	1
P08249_324	3.37414e+006	3.05706e+006	2.70896e+006	7.57809e+006	7.54459e+006	7.01034e+006	22	1
P08249_335	389330	390850	385580	755528	775584	751824	13	1
P09103_105	267703	280361	250988	561385	701175	532892	9	1
P09103_438	298457	250332	196102	478206	601422	446759	12	1
P09103_446	278175	225047	291416	646720	504910	536175	11	1
P09103_67	416153	391168	399653	863240	946857	876301	11	1
P09411_11	3.14926e+006	3.07149e+006	3.32135e+006	6.40374e+006	4.61135e+006	6.81642e+006	12	1
P09411_131	45083	57855	52887	101982	100716	89379	9	1
P09411_156	473069	318326	397273	693694	549851	636325	13	1
P09411_191	524412	449580	491005	1.12851e+006	1.20833e+006	1.06627e+006	13	1
P09411_291	227486	197653	156457	694796	645901	654501	12	1
P09411_30	1.5624e+006	1.54542e+006	1.45123e+006	3.12716e+006	3.29436e+006	3.11287e+006	26	1
P09411_361	625637	569459	540975	1.34858e+006	1.36785e+006	1.41627e+006	26	1
P09411_75	618832	530534	485526	808751	848611	770415	12	1
P09671_122	743082	715817	469109	1.78054e+006	1.54334e+006	1.43377e+006	12	1
P09671_130	410377	344449	334279	797962	797646	857317	26	1
P09671_68	4.36098e+006	4.13576e+006	4.09462e+006	9.19059e+006	9.70483e+006	8.82632e+006	26	1
P09671_75	244847	267180	203960	487782	575856	557430	12	1
P10126_146	62644	75565	58949	382048	415860	413818	12	1
P10126_165	743501	659880	675070	1.57828e+006	1.47543e+006	1.41053e+006	25	1
P10126_172	497702	503147	462584	1.05039e+006	1.03289e+006	1.07858e+006	9	1
P10126_179	1.13193e+006	1.10363e+006	918720	2.11734e+006	2.30685e+006	2.30882e+006	34	2
P10126_244	49476	90595	54229	504665	515997	413191	12	1
P10126_30_36	3.36023e+006	3.11109e+006	3.0794e+006	6.71153e+006	7.13403e+006	6.66176e+006	22	1
P10126_392	446680	461329	495036	917051	947221	892740	12	1
P10126_41	775670	699768	738060	1.42841e+006	1.40187e+006	1.37397e+006	10	1
P10649_129	1.03691e+006	934019	828737	1.98196e+006	2.21479e+006	1.99945e+006	8	1
P10649_136	695806	698780	660328	1.60398e+006	1.40007e+006	1.4399e+006	9	1
P10649_193	272702	224666	195850	435714	479423	350220	13	1
P10649_199	152600	155679	128043	406275	380109	332796	11	1
P10649_211	200122	198466	239676	289301	182556	228118	5	1
P10649_31	911486	862103	902601	2.12719e+006	2.42045e+006	1.88219e+006	23	1
P10649_52	41456	39196	35898	494658	456863	376235	11	1
P10922_82	150895	134443	149479	307564	341441	312376	9	1
P11352_119	1.60212e+006	1.59132e+006	1.54485e+006	1.70278e+006	3.72685e+006	3.39773e+006	13	1
P11352_62	431343	415436	411470	943258	998452	987306	20	1
P11499_428	16123	27306	38984	41296	54308	67953	8	1
P11588_158	786392	730181	783195	1.6003e+006	1.6304e+006	1.65266e+006	25	1
P11588_91	171993	147792	166972	314258	291426	314676	11	1
P11679_107	193663	194939	155085	639769	594988	527691	12	1
P11679_128	566084	460305	473391	1.33056e+006	1.23664e+006	1.24577e+006	22	1
P11725_144	1.00596e+006	946701	970027	2.07794e+006	2.2323e+006	2.06283e+006	21	1
P11725_231	1.05834e+007	8.90425e+006	7.9426e+006	2.11146e+007	2.61242e+007	2.35889e+007	24	1
P11725_238	244740	224673	222538	483223	484462	447705	22	1
P11725_243	448108	1.26219e+006	1.2277e+006	2.88224e+006	1.35003e+006	2.76364e+006	21	1
P11983_400	3.77443e+006	3.7501e+006	3.65216e+006	6.87583e+006	7.17312e+006	6.85153e+006	26	1
P12710_31	2.1695e+006	1.98827e+006	1.97104e+006	4.7472e+006	4.86896e+006	4.5148e+006	26	1
P12710_46	5.22704e+006	4.98253e+006	5.0604e+006	1.04828e+007	9.92884e+006	9.5257e+006	25	1
P12710_47	249616	224056	224315	418848	439128	408738	9	1
P12710_49	1.05296e+006	898281	748677	2.51086e+006	2.64845e+006	2.40697e+006	12	1
P12710_84	1.45266e+007	1.37252e+007	1.35727e+007	2.04515e+007	2.09254e+007	2.07526e+007	23	2
P12710_90	376021	326807	375235	767218	828326	738581	11	1
P12710_96	2.40369e+006	2.39277e+006	2.54071e+006	4.38881e+006	4.81317e+006	4.67266e+006	12	1
P12970_131	551383	498251	563508	1.06891e+006	1.12954e+006	1.05454e+006	11	1
P12970_212	579851	544767	523320	1.0862e+006	1.15677e+006	1.01376e+006	26	2
P12970_97	595078	370001	355757	888183	1.20636e+006	914853	20	2
P13745_138	428999	152247	374168	855914	966914	702804	11	1
P13745_141	4.01756e+006	3.85941e+006	3.84137e+006	8.16833e+006	8.69614e+006	7.88454e+006	23	1
P13745_195	359396	376804	241808	730341	774177	731928	13	1
P13745_196	4.05795e+006	3.7585e+006	3.85786e+006	8.00067e+006	8.35558e+006	7.80084e+006	11	1
P13745_87	911228	911167	903333	1.94318e+006	1.96759e+006	152209	22	1
P14152_103	765761	705334	628400	1.47868e+006	1.40074e+006	1.48004e+006	12	1
P14152_107	2.02487e+006	1.85272e+006	1.89052e+006	3.90626e+006	3.8991e+006	3.78617e+006	22	1
P14152_110	294864	282911	277191	678228	684313	663645	12	1
P14152_118	1.15977e+006	1.10955e+006	1.09824e+006	2.3716e+006	2.44233e+006	2.31093e+006	23	1
P14152_199	195436	177939	198920	414499	404475	328564	9	1
P14152_298	1.17662e+006	1.15744e+006	1.04051e+006	2.37868e+006	2.52874e+006	2.43076e+006	35	2
P14824_370	333179	255630	217883	566531	373287	518510	12	1
P14824_620	39772	37442	48024	65614	87970	93082	8	1
P15864_106	103106	111860	132286	269997	390184	277285	12	1
P15864_75	61721	41392	43626	79430	105656	113829	9	1
P15864_85	159311	154871	143610	344398	341060	303405	12	1
P16015_135	21116	29980	32494	531746	545739	406551	12	1
P16015_153	155225	166994	157275	759334	810862	720354	25	2
P16015_165	85016	113967	71073	746100	771617	671493	12	1
P16015_36	701373	650345	692538	1.40848e+006	1.46712e+006	1.36751e+006	11	1
P16015_39	582646	630571	614695	1.21289e+006	1.22774e+006	1.0867e+006	13	1
P16460_112	260920	293260	302425	312069	322498	325502	15	1
P16460_140	22210	37114	33189	431324	438375	404235	12	1
P16460_165	2.95624e+006	3.0092e+006	2.88648e+006	7.09723e+006	7.2142e+006	6.8791e+006	39	2
P16460_215	269406	363935	262992	849676	793077	776410	12	1
P16460_228	1.36828e+006	1.39697e+006	1.32202e+006	3.33111e+006	3.5835e+006	3.18389e+006	13	1
P16460_239	157914	126450	144865	147787	188478	165352	8	1
P16546_613	117805	60763	86805	138051	145562	155511	12	1
P16858_105	439973	540218	456091	6.86904e+006	6.97438e+006	5.96398e+006	26	1
P16858_137	171036	173359	134432	386625	401449	375767	9	1
P16858_184	95123	126543	99297	812129	794105	698744	23	1
P16858_192	7.67561e+006	7.0711e+006	6.95378e+006	1.57967e+007	1.60647e+007	1.45803e+007	24	1
P16858_213	1.63617e+006	1.48518e+006	1.61593e+006	3.28608e+006	3.26096e+006	3.04786e+006	13	1
P16858_249	158463	224005	201747	423382	379685	387478	11	1
P16858_332	153987	171872	131192	564102	476605	399831	13	1
P17156_351	54708	98023	95305	285268	316930	283106	11	1
P17182_126	154440	188867	171970	524941	482347	529655	12	1
P17182_193	174384	122477	44661	253038	181353	184968	8	1
P17182_420	222724	210638	201515	417835	415550	386658	13	1
P17182_71	521325	458296	396696	1.02103e+006	1.05005e+006	882078	12	1
P17182_80	2.10666e+006	2.15373e+006	1.68157e+006	4.22121e+006	4.50045e+006	4.20767e+006	8	1
P17182_89	158856	149151	136994	407523	408690	380696	13	1
P17182_92	148040	135763	131110	382305	372416	346832	12	1
P17563_342	1.59737e+006	1.5029e+006	1.47302e+006	3.3248e+006	3.34769e+006	3.1176e+006	24	1
P17563_397	2.30924e+006	2.13321e+006	1.97032e+006	5.0638e+006	5.13867e+006	4.62151e+006	26	1
P17563_448	44283	50519	40006	286676	302180	267336	8	1
P17717_356	174960	161560	218803	378900	360272	337966	12	1
P17751_181	18928	35293	23850	304179	310577	273337	24	2
P17751_238	122428	113638	105560	246132	270549	250719	13	1
P17751_244	444352	332907	246077	797901	804904	735425	23	2
P17751_56	623706	430192	511624	1.09409e+006	1.05893e+006	1.04253e+006	12	1
P19096_1745	42069	88497	36369	493979	302707	582991	13	1
P19096_786	1.26376e+006	1.30883e+006	1.11077e+006	2.08758e+006	2.42307e+006	2.33483e+006	24	1
P19096_993	98837	80287	136072	224504	299183	350828	7	1
P19157_103	443111	400172	319759	868658	874209	789873	11	1
P19157_121	286969	338088	271036	1.09511e+006	1.12455e+006	1.00522e+006	22	2
P19157_128	705534	658969	628964	1.59143e+006	1.71161e+006	1.61759e+006	12	1
P19253_191	1.19447e+006	950715	1.19906e+006	2.33001e+006	2.53512e+006	2.36394e+006	22	2
P19536_85	283322	261819	268124	551059	585699	615727	12	1
P19783_67	164233	124776	110174	254826	294031	327825	9	1
P20029_269	198942	186136	171653	397312	438346	341087	10	1
P20029_327	107703	102357	98177	357540	353925	302892	12	1
P20852_436	126894	65310	155106	278069	305089	363614	8	1
P21981_648	96893	109471	84323	291810	247169	287514	13	1
P22599_292	52080	37552	26849	113395	89871	141229	8	1
P23492_179	344516	204517	294138	767843	557268	628273	13	1
P24270_169	155913	163053	158104	269582	359166	320798	12	1
P24270_233	238512	240472	178498	392511	558306	466710	13	1
P24270_243	65846	69505	57475	142904	197875	143435	9	1
P24270_430	2.29302e+006	2.17676e+006	2.22474e+006	4.80866e+006	5.6401e+006	4.75045e+006	26	1
P24270_449	150487	180194	167974	378783	353916	250056	11	1
P24270_476	1.37372e+006	1.22545e+006	1.20496e+006	2.98171e+006	2.9206e+006	2.67735e+006	38	2
P24270_480	565106	534811	526636	1.17428e+006	1.17221e+006	1.14335e+006	12	1
P24270_499	125910	90638	108766	315697	302280	343730	12	1
P24270_504	974818	844589	747427	1.88102e+006	1.87455e+006	1.75735e+006	13	1
P24456_158	170182	164463	197118	438712	433907	360856	13	1
P24472_195	363870	344349	350033	753757	792481	731318	12	1
P24549_128	121193	110520	76076	410177	438546	376216	13	1
P24549_252	191653	175990	141401	383869	446510	427269	8	1
P24549_36	453477	334954	449921	817484	858232	777467	12	1
P24549_362	948566	912833	842822	2.0329e+006	1.70244e+006	1.91675e+006	12	1
P24549_419	1.55997e+006	1.41108e+006	1.33995e+006	2.82403e+006	2.97819e+006	2.85295e+006	13	1
P24549_495	442971	408049	411569	817670	926318	895203	13	1
P24549_57	793842	729243	709772	1.9206e+006	1.90898e+006	1.73067e+006	12	1
P24549_65	357580	413461	365223	897161	1.0527e+006	959598	9	1
P24549_91	215345	242209	181734	606731	558457	440558	12	1
P25444_114	203333	204625	199722	418731	445783	417264	11	1
P25688_118	172934	160239	180347	442168	353370	404192	13	1
P25688_36	163710	164432	203922	528053	516893	536998	13	1
P26443_352	2.3566e+006	2.00112e+006	2.04945e+006	4.6153e+006	5.1461e+006	4.85707e+006	13	1
P26443_545	2.67251e+006	2.49358e+006	2.31922e+006	6.18572e+006	6.31437e+006	5.9186e+006	25	1
P27659_294	317532	343577	269222	655022	608349	606823	10	1
P27659_366	228535	190322	186481	499812	586262	563937	10	1
P28271_615	86218	111342	111065	208266	251956	676043	9	1
P28474_113	237139	292282	278355	594633	600203	555139	9	1
P28474_338	197137	294710	306630	452784	408183	443522	10	1
P28650_448	168609	117457	145344	299311	315892	302682	10	1
P30115_195	4.25946e+006	3.84139e+006	4.04456e+006	8.6592e+006	8.63534e+006	8.25332e+006	12	1
P30115_78	820302	806030	741017	2.28621e+006	2.1553e+006	2.11101e+006	23	1
P30115_84	1.94212e+006	1.8083e+006	1.80127e+006	4.03576e+006	4.17105e+006	3.94567e+006	31	2
P30115_87	1.95947e+006	1.47755e+006	1.76659e+006	3.88608e+006	3.85984e+006	3.63167e+006	34	2
P31786_51	4.71801e+006	4.40229e+006	4.16129e+006	9.61056e+006	9.73464e+006	8.99988e+006	22	1
P31786_53	111190	93211	134730	208552	261106	254761	9	1
P31786_55	1.29642e+007	1.1645e+007	1.16107e+007	2.55212e+007	2.52879e+007	2.30049e+007	50	2
P31786_77	210016	157485	170869	430356	406874	370137	10	1
P32020_132	1.03656e+006	930564	893655	1.95638e+006	2.00349e+006	1.86301e+006	12	1
P32020_432	162658	168486	153413	320212	284332	302705	10	1
P32020_438	2.17828e+006	2.13467e+006	2.04811e+006	4.58334e+006	4.6267e+006	4.5843e+006	26	1
P32020_442	133021	128616	122346	254477	310726	256271	12	1
P32020_453	1.05231e+006	1.02279e+006	998881	2.21366e+006	2.38217e+006	2.15479e+006	21	1
P32020_462	983332	880793	846007	2.72448e+006	2.76266e+006	2.63736e+006	34	2
P32020_491	1.71544e+006	1.64352e+006	1.60662e+006	2.62702e+006	2.63685e+006	2.573e+006	12	1
P32020_522	1.60329e+006	1.57567e+006	1.57614e+006	3.28497e+006	3.32366e+006	3.40552e+006	25	1
P32020_534	372669	380984	289880	1.1636e+006	1.07812e+006	807288	13	1
P32020_544	174281	159632	164566	372645	425289	359670	12	1
P34914_191	672854	663899	622263	1.41735e+006	1.53321e+006	1.53305e+006	12	1
P34914_404	121611	110767	131816	290834	367181	332444	10	1
P34914_508	812161	738891	766782	1.92064e+006	1.93959e+006	1.76535e+006	37	2
P34914_514	670711	650382	651483	1.4181e+006	1.31314e+006	1.28108e+006	10	1
P35293_138	123169	92109	136337	257126	267727	241219	12	1
P35487_78	114643	124555	151833	252770	326540	188699	13	1
P35492_137	394834	429344	410006	907277	981327	929368	11	1
P35492_172	76014	133474	174733	225507	238977	292250	11	1
P35700_109	1.22255e+006	1.2142e+006	1.17028e+006	1.96955e+006	2.4523e+006	2.67003e+006	24	2
P35700_27	492974	423742	399719	875335	1.13939e+006	939097	12	1
P35979_54	212507	145626	190608	403034	468256	449377	11	1
P37040_610	77452	93049	99551	149354	214529	215565	11	1
P38060_179	123603	133389	130526	329461	265182	248130	11	1
P38060_48	4.11454e+007	2.61477e+007	3.49397e+007	8.28152e+007	8.41839e+007	7.94266e+007	26	1
P38647_135	776658	721887	720309	1.57727e+006	1.65369e+006	1.51961e+006	40	2
P38647_143	350262	339245	336590	655451	662293	647936	10	1
P38647_360	1.21621e+006	976194	1.08446e+006	2.88824e+006	2.48443e+006	2.61522e+006	24	1
P38647_612	667007	613306	578270	1.29849e+006	1.42316e+006	1.29902e+006	13	1
P40142_232	128267	118638	112200	254119	266535	228782	12	1
P40142_241	180906	186696	201228	442657	552429	460865	12	1
P40142_497	178584	172682	144153	639170	595850	541015	13	1
P40142_499	178715	172386	141172	637036	571323	528965	13	1
P40142_603	126957	116903	126708	316081	290256	277226	12	1
P40142_609	324609	257527	248957	704892	661965	641141	20	1
P40936_211	242308	302776	296740	796186	811157	581018	10	1
P40936_219	5.30195e+006	4.96758e+006	4.60996e+006	1.21167e+007	1.22701e+007	1.15993e+007	52	2
P41216_208	551670	517901	482245	1.069e+006	1.19729e+006	1.05022e+006	11	1
P41216_357	62495	52375	44664	312467	314903	271939	12	1
P41216_387	47718	144598	139209	199465	182262	205706	8	1
P41216_420	147631	154322	154278	533594	571523	463200	12	1
P41216_518	160618	173122	150706	308582	281868	301803	13	1
P41216_522	105350	133173	133145	222363	282771	246640	11	1
P41216_533	163577	286446	155436	315240	424867	382222	13	1
P41216_552	1.24189e+006	1.26262e+006	1.19712e+006	3.13167e+006	2.35161e+006	3.03566e+006	37	2
P41216_641	172094	59299	169268	374621	374430	207071	12	1
P41216_676	183318	165845	171185	472690	491343	403886	10	1
P42125_206	6008	8641	18046	364748	401855	357999	12	1
P42125_222	1.31791e+006	1.13574e+006	1.26782e+006	2.7264e+006	2.92625e+006	2.33384e+006	13	1
P42125_229	5.88426e+006	5.4079e+006	5.31868e+006	1.1803e+007	1.1675e+007	1.14251e+007	26	1
P42125_255	259529	178040	236783	402780	475016	418870	12	1
P42125_76	283490	290585	278045	169123	136621	169140	9	1
P42669_272	199885	306486	314797	514570	653074	518136	22	2
P42932_318	157744	114519	121191	275530	313129	298237	11	1
P43274_46	290090	251184	221134	645194	624009	726603	12	1
P43275_65	350768	308283	360451	698456	546635	683722	13	1
P45481_1584_1587_1588	146237	130683	129082	295798	302585	272976	13	1
P45481_1712	64032	55359	44461	120506	125834	129811	12	1
P45952_173	627409	597597	531999	1.47209e+006	1.437e+006	1.31781e+006	25	1
P45952_178	272986	258322	272304	474622	454446	567623	12	1
P45952_179	158742	110144	107732	298798	167578	214788	12	1
P45952_212	119375	109513	100960	156062	161764	144477	10	1
P45952_301	147443	150657	127716	334888	301924	238483	13	1
P45952_79	3.71985e+006	3.25628e+006	3.26063e+006	7.05982e+006	7.09287e+006	6.93046e+006	24	1
P46656_70	2247	2086	3950	36325	21271	9803	9	1
P47738_157	12088	27874	32795	192066	182193	168943	10	1
P47738_370	1.4769e+006	1.33577e+006	1.25917e+006	3.01079e+006	2.98703e+006	2.99527e+006	25	1
P47738_443	781253	577979	588861	1.60801e+006	1.90298e+006	1.56444e+006	21	1
P47738_513	339130	371961	377097	798222	886318	802401	13	1
P47738_80	1.84774e+006	1.76068e+006	1.77498e+006	3.99473e+006	4.2042e+006	3.91318e+006	49	3
P47738_83	544578	495834	530121	1.16307e+006	1.19947e+006	1.17806e+006	12	1
P47740_296	899043	791432	736096	1.76168e+006	1.80711e+006	1.80626e+006	22	2
P47911_200	74072	99784	116272	190802	224864	167478	12	1
P47963_123	77529	97052	94337	190720	187618	203623	8	1
P47964_62	241197	175716	217203	423278	458207	426489	11	1
P48678_270	145990	126418	125855	264511	281053	257639	11	1
P48678_311	187630	131659	108222	357682	327846	333716	8	1
P48771_33	190729	123533	208678	249440	169211	272566	8	1
P48962_92	1.05877e+007	1.00945e+007	9.52593e+006	2.69449e+007	2.69313e+007	2.54963e+007	31	2
P49429_109	225573	137809	123115	244819	286250	271318	23	1
P49429_127	909122	820225	867962	1.46119e+006	1.80239e+006	1.51185e+006	13	1
P49429_130	299031	339365	473294	1.89849e+006	1.53503e+006	1.71943e+006	12	1
P49429_132	797036	755643	766696	1.57817e+006	1.70978e+006	1.57357e+006	13	1
P49429_166	345631	352263	310608	1.01848e+006	832281	826668	12	1
P49429_63	473289	469100	466357	912495	949758	932377	23	1
P50136_308	268355	251059	342447	576239	577949	482807	13	1
P50136_353	303032	276169	287212	538595	668444	661408	13	1
P50136_377	154356	173191	142760	471593	459458	368646	12	1
P50171_171	290317	277677	246783	509212	547737	569822	9	1
P50172_73	229747	225243	194235	460525	470445	426772	12	1
P50247_318	157715	138037	134308	377187	413173	342960	11	1
P50247_331	283547	281366	285586	454290	638443	578172	12	1
P50247_401	377681	229488	231313	535674	558536	516166	21	1
P50247_405	919723	947136	989283	1.87003e+006	1.9635e+006	1.8625e+006	13	1
P50247_46	162633	154175	156553	246154	335059	322199	22	2
P50247_94	12249	20087	20931	367537	369085	328716	11	1
P50285_304	91922	81053	90531	193617	220493	146703	10	1
P50431_387	183269	188384	186938	316952	377083	367693	10	1
P50544_279	301889	267543	336620	761630	626362	799595	21	2
P50544_52	39806	156540	149485	357640	334069	368470	12	1
P51174_254	276160	208472	70491	1.19736e+006	1.10411e+006	1.15506e+006	8	1
P51174_358	230976	287109	351711	465490	644504	256607	12	1
P51174_81	1.5556e+006	1.27564e+006	1.34079e+006	2.99329e+006	2.97603e+006	2.59401e+006	38	2
P51660_414	131525	113755	105004	297326	218810	293183	10	1
P51660_46	577505	566802	562961	1.74482e+006	1.6978e+006	1.70447e+006	20	1
P51660_57	696948	468253	602636	1.41558e+006	1.58279e+006	1.07582e+006	11	1
P51660_724	22387	29590	16801	128467	111485	91256	10	1
P51660_81	483551	431246	406163	1.01488e+006	822577	1.08691e+006	25	1
P51881_105	1.25698e+006	1.15486e+006	1.19442e+006	2.59216e+006	2.63558e+006	2.48821e+006	22	2
P51881_147	109902	91872	95176	202721	226032	224564	10	1
P51881_163	701729	1.28465e+006	1.22151e+006	2.55136e+006	2.69396e+006	2.65007e+006	22	1
P51881_23	1.95513e+007	1.71136e+007	1.42381e+007	6.71112e+007	6.79586e+007	6.07208e+007	26	1
P51881_272	2.38546e+006	2.27196e+006	2.04282e+006	5.25878e+006	5.18031e+006	5.35762e+006	25	1
P51881_94	98730	131759	152289	540475	556603	509626	12	1
P51881_96	112628	132803	154800	546297	570585	523938	10	1
P52196_136	282218	267699	295408	552377	592449	564404	12	1
P52196_14	1.37073e+007	1.37568e+007	1.23848e+007	3.69418e+007	3.65417e+007	3.29047e+007	25	1
P52196_175	146177	130056	102143	354675	352623	289797	12	1
P52503_112	201036	181380	177107	396124	393575	382972	20	1
P52760_13	1.46721e+006	1.28439e+006	1.35077e+006	3.12846e+006	3.0303e+006	2.86986e+006	37	2
P52760_60	243105	297237	221493	611919	734102	662182	12	1
P52825_305	344286	353331	343735	874136	762705	694269	21	1
P52825_418	429641	419588	338412	1.18085e+006	1.29972e+006	1.0731e+006	11	1
P52825_424	1.01664e+006	1.05015e+006	1.00352e+006	2.14993e+006	2.30061e+006	2.14839e+006	34	2
P52825_69	96264	98910	93859	186669	262900	195688	9	1
P53026_118	180679	164279	249627	374128	582755	419182	12	1
P53395_119	839752	803476	813079	846647	859749	946291	9	1
P53395_261	91199	123316	72758	181188	374306	154894	12	1
P53395_265	208529	208630	204806	445897	461333	413376	11	1
P53395_295	294826	279421	325353	851499	987749	752861	21	2
P53395_304	423673	399214	338225	2.19429e+006	2.19214e+006	1.8152e+006	23	1
P53395_440	917809	804461	756878	1.40815e+006	1.1606e+006	1.41234e+006	13	1
P54071_106	899219	696955	459962	4.06988e+006	5.41507e+006	4.76754e+006	36	2
P54071_155	1.14954e+006	1.1003e+006	1.10906e+006	2.64924e+006	2.72608e+006	2.68801e+006	25	1
P54071_166	197163	315914	270038	757088	837560	686177	9	1
P54071_180	1.3244e+006	1.19414e+006	1.2228e+006	2.28528e+006	2.75359e+006	2.54554e+006	25	1
P54071_193	376728	378161	316514	727626	846119	644952	12	1
P54071_256	174829	174865	160130	255704	379184	341383	12	1
P54071_272	202131	122657	238860	599904	551867	521204	23	1
P54071_384	1.40133e+006	382665	1.42888e+006	3.10198e+006	3.31242e+006	2.99136e+006	13	1
P54071_442	30671	49476	40765	591660	596950	524469	10	1
P54822_295	111149	140503	184943	304674	218648	334888	8	1
P54869_118	581149	552201	570347	993533	1.12794e+006	920106	9	1
P54869_243	2.12956e+006	2.01777e+006	1.84263e+006	5.29016e+006	5.18173e+006	4.76273e+006	25	1
P54869_306	129619	105956	48789	722304	1.0654e+006	675249	23	1
P54869_310	1.72297e+007	1.6486e+007	1.6891e+007	3.09122e+007	3.13938e+007	3.01386e+007	13	1
P54869_327	189848	161528	160714	160650	493465	500722	13	1
P54869_342	1.39262e+006	1.25591e+006	1.34461e+006	2.7551e+006	2.96866e+006	2.71524e+006	25	2
P54869_350	63619	67064	43311	365175	377924	341530	13	1
P54869_350_354_358	418319	317010	309378	1.09418e+006	1.23254e+006	1.18172e+006	12	1
P54869_354	1.50008e+007	1.38817e+007	1.3446e+007	2.86154e+007	2.76465e+007	2.65279e+007	72	4
P54869_358	796470	715193	605368	2.36042e+006	2.4363e+006	2.0676e+006	35	2
P54869_367	1.25765e+006	1.15442e+006	1.22917e+006	2.58284e+006	2.66238e+006	2.52694e+006	22	1
P54869_437	1.77832e+006	1.63315e+006	1.49121e+006	5.20225e+006	5.14199e+006	4.54034e+006	22	1
P54869_447	337032	300357	312931	705996	785662	702510	12	1
P54869_83	2.5243e+006	2.22924e+006	2.52964e+006	5.40052e+006	5.3497e+006	4.68825e+006	25	1
P55096_260	73986	67396	104523	182281	171413	172966	8	1
P55096_399	68584	47351	70562	130943	146797	162072	12	2
P55264_110	32101	32697	29228	131573	156874	112386	9	1
P55264_161	515512	558031	637210	1.14978e+006	1.1354e+006	1.1878e+006	25	1
P55264_255	144754	113966	102022	238653	246626	178619	9	1
P56135_16	300193	265903	293010	1.64914e+006	1.6975e+006	1.40074e+006	41	2
P56382_21	3.07292e+006	2.92874e+006	2.93758e+006	6.12695e+006	6.63356e+006	6.18068e+006	25	1
P56395_19	884119	754383	759509	1.6117e+006	1.79627e+006	1.55696e+006	37	2
P56395_33	181254	186756	164898	422923	435229	384017	12	1
P56395_77	246708	120653	79526	259229	385532	277123	12	1
P56480_124	1.06002e+006	943714	962182	2.18308e+006	2.25314e+006	2.01208e+006	22	2
P56480_133	1.3668e+007	1.2362e+007	1.1697e+007	2.93472e+007	2.973e+007	2.71128e+007	26	1
P56480_159	2.22401e+006	2.00377e+006	1.9394e+006	4.58388e+006	4.82144e+006	4.42988e+006	26	1
P56480_198	495434	461530	461181	1.01329e+006	994001	910930	25	1
P56480_259	1.59532e+006	1.47014e+006	1.35177e+006	3.87441e+006	4.02747e+006	3.57364e+006	33	2
P56480_480	67175	89546	87835	458734	468646	455091	11	1
P56480_485	548660	491031	489665	1.01524e+006	994035	1.05436e+006	8	1
P56480_522	172505	168526	202311	123094	101348	222659	13	1
P56593_434	956271	858653	901663	1.81892e+006	1.93279e+006	1.87434e+006	12	1
P56654_418	143356	119394	127976	290910	288894	284465	9	1
P56654_432	825020	884064	947461	1.19712e+006	1.7163e+006	1.68328e+006	29	2
P57776_107	9481	13005	5135	72186	83525	59603	10	1
P58252_42	666220	667980	558674	1.96869e+006	2.04401e+006	1.75991e+006	10	1
P58252_426	145851	138454	125293	398630	429826	378113	11	1
P58252_445	261338	244163	251456	521859	558035	325622	9	1
P58252_498	108581	83204	130503	320342	255474	320341	10	1
P61027_59	85791	86296	53509	258850	216553	184029	9	1
P61089_92	63629	55434	72117	251560	197802	148185	11	1
P61255_77	218263	166530	156672	360880	325163	279469	12	1
P61358_93	518810	649606	571268	1.00773e+006	1.10031e+006	1.0389e+006	15	1
P61458_36	46936	27426	43638	87213	84199	79686	8	1
P61922_470	397583	327881	362194	838764	807101	789819	25	2
P61979_163	426558	331190	314845	771811	783732	726876	12	1
P62082_74	514673	467508	506480	1.0497e+006	1.12001e+006	1.08008e+006	12	1
P62204_22	199455	251658	252343	698783	685834	606406	12	1
P62242_157	182775	185351	200948	415453	428476	266121	10	1
P62259_50	328389	264674	276345	744711	912033	891046	23	1
P62281_45	923813	909140	823312	1.91248e+006	2.07925e+006	1.9422e+006	7	1
P62301_39	696255	659403	630564	1.39257e+006	1.37349e+006	1.36584e+006	12	1
P62702_120	91286	84074	98625	177781	195459	216154	12	1
P62737_328	6.28981e+006	5.80004e+006	5.72834e+006	1.27157e+007	1.36323e+007	1.19582e+007	26	1
P62754_211	295648	226954	162051	468592	223682	189032	13	1
P62806_13_17	4.83654e+006	5.30856e+006	5.44563e+006	5.64877e+006	5.71723e+006	5.82388e+006	11	1
P62806_6_13_17	6.53898e+006	5.90402e+006	5.83506e+006	1.01327e+007	1.02033e+007	7.33819e+006	12	1
P62806_6_9_13	2.4109e+006	2.18057e+006	2.16433e+006	4.70525e+006	5.02911e+006	4.58307e+006	26	1
P62806_78	48690	57414	57968	102967	113245	120473	11	1
P62806_92	764064	751270	676116	1.83842e+006	1.90703e+006	1.68661e+006	37	2
P62806_9_13_17	1.79614e+007	1.66015e+007	1.64622e+007	3.24374e+007	3.11887e+007	3.2109e+007	51	2
P62821_61	120629	129895	107265	285099	312308	275938	12	1
P62827_99	65918	204406	219537	606739	437120	473806	10	1
P62852_52	103170	89234	103028	196869	258475	208253	11	1
P62852_66	825996	807558	703600	1.33135e+006	1.92716e+006	1.7579e+006	12	1
P62852_94	390156	391131	374955	825768	872905	862399	24	1
P62862_51	1.03776e+006	879579	950412	1.94279e+006	2.09296e+006	1.8868e+006	26	1
P62908_108	676465	636318	601067	1.51359e+006	1.53124e+006	1.43924e+006	12	1
P62908_62	106960	103267	99110	177752	183404	175339	8	1
P63017_246	1.13712e+006	979047	1.09662e+006	2.35928e+006	2.37991e+006	2.15381e+006	26	1
P63017_319	45923	197765	248986	407908	475989	126819	11	1
P63030_72	174886	136863	128384	396237	364134	363754	12	1
P63038_130	119818	399339	466179	656165	802199	653881	9	1
P63038_156	200353	176514	85402	747980	822955	686447	13	1
P63038_202	825286	707560	891011	1.35328e+006	1.42057e+006	1.33738e+006	13	1
P63038_218	43999	45082	38364	307014	301357	294444	9	1
P63038_233	776777	633158	726938	1.72954e+006	1.92438e+006	1.66885e+006	25	1
P63038_301	207915	168915	193027	345934	270415	312297	10	1
P63038_389	3.37404e+006	2.98761e+006	2.23586e+006	7.68304e+006	8.74701e+006	7.62917e+006	38	2
P63038_417	68682	66048	68439	117942	127451	138449	12	1
P63038_462	142053	163161	146519	483424	498598	499174	12	1
P63038_469	591526	545064	524375	1.30502e+006	1.4607e+006	1.31901e+006	10	1
P63038_473	1.20452e+007	1.14021e+007	1.11143e+007	2.40992e+007	2.56988e+007	2.3842e+007	37	2
P63242_47	2.23182e+006	1.96928e+006	2.06184e+006	4.71489e+006	4.70161e+006	4.44849e+006	12	1
P63276_32	70709	49592	52430	123336	148939	105643	8	1
P67778_202	1.01394e+006	981748	933445	1.98878e+006	2.14326e+006	2.00916e+006	34	2
P68040_183	520924	505067	504914	1.31662e+006	1.32186e+006	1.22129e+006	12	1
P68369_370	233267	165658	207962	518042	582500	473259	12	1
P68372_58	91018	138556	109959	251125	241977	260145	11	1
P68433_19_24	9.8536e+006	9.40617e+006	9.47806e+006	1.78713e+007	1.67132e+007	1.75547e+007	12	1
P68433_24	3.76133e+006	3.5725e+006	3.58311e+006	7.23484e+006	7.35557e+006	7.19426e+006	23	1
P68433_80	1.0105e+006	824822	979688	1.91632e+006	2.26865e+006	2.06685e+006	24	1
P70694_301	1.6948e+006	1.5048e+006	1.60885e+006	3.19329e+006	3.42634e+006	3.17599e+006	26	1
P70694_59	374480	342845	298495	741662	763676	671156	12	1
P70696_110	896025	820299	758347	1.29272e+006	2.01536e+006	1.8589e+006	11	1
P80315_288	93226	94663	93478	246259	234760	200915	12	1
P80316_170	270286	181534	177924	625589	642272	630959	11	1
P85094_93	239175	148439	134623	328147	523900	364966	12	1
P97328_134	267820	280352	245585	632021	636287	607099	13	1
P97328_148	76814	82334	75902	153918	185951	209628	10	1
P97328_159	160833	184165	177035	362563	405201	360028	12	1
P97351_144	998237	1.00743e+006	930500	1.68461e+006	1.89271e+006	1.51905e+006	23	2
P97364_358	34865	36103	39979	65993	84318	65586	12	1
P97364_412	78472	65975	81930	210079	221372	173884	12	1
P97450_105	999693	1.02205e+006	969817	2.45014e+006	2.32361e+006	2.17455e+006	23	1
P97450_46	1.87502e+006	1.90548e+006	1.92757e+006	4.0292e+006	4.18494e+006	3.94622e+006	32	2
P97450_51	1.96844e+006	1.92008e+006	2.02028e+006	4.29748e+006	2.91583e+006	4.37981e+006	25	1
P97450_94	515838	497208	753632	1.89537e+006	1.89929e+006	1.59147e+006	23	1
P97450_99	3.6907e+006	4.62386e+006	4.35509e+006	1.04064e+007	1.01983e+007	9.78634e+006	26	1
P97807_119	1.79443e+006	1.38159e+006	1.55314e+006	4.28188e+006	3.53515e+006	3.76136e+006	25	1
P97807_210	494519	476593	461846	1.09452e+006	1.12726e+006	1.00235e+006	12	1
P97807_289	1.32517e+006	1.22101e+006	1.1363e+006	2.14522e+006	2.66705e+006	2.60028e+006	12	1
P97807_63	387029	420068	345679	1.51158e+006	1.65364e+006	1.49192e+006	23	1
P97807_77	3.77979e+006	3.30894e+006	3.41295e+006	7.09713e+006	7.15161e+006	6.62974e+006	26	1
P97823_224	3.15275e+006	3.17461e+006	3.02095e+006	6.88134e+006	7.30476e+006	6.91202e+006	26	1
P97872_186	211978	131028	159932	592183	602601	603867	13	1
P97872_253	724864	773777	639187	1.42273e+006	1.59803e+006	1.58729e+006	22	1
P97872_394	538020	599878	602670	1.35888e+006	979147	1.24592e+006	21	1
P97872_480	399083	379267	361782	877996	907501	824340	9	1
P99028_83	1.35399e+006	1.17774e+006	1.24107e+006	2.63161e+006	2.85733e+006	2.74008e+006	22	1
P99029_112	1.19612e+006	1.13625e+006	1.15745e+006	2.47054e+006	2.48098e+006	2.41417e+006	12	1
P99029_70	1.14325e+006	1.20428e+006	1.13064e+006	2.46946e+006	2.49026e+006	2.2864e+006	23	1
P99029_79	325316	368675	341905	725670	798654	697871	24	2
PPIA_HUMAN_27	1.10853e+006	1.00044e+006	922563	2.17929e+006	2.50277e+006	2.3866e+006	26	1
PPIA_HUMAN_43	510884	472947	510627	1.05957e+006	997115	1.12638e+006	9	1
PPIA_HUMAN_81	408858	830770	526246	2.45271e+006	2.33877e+006	1.20775e+006	19	1
PRDX1_HUMAN_136	333284	356544	333108	974172	1.02927e+006	929457	13	1
Q00898_292	134597	118076	137212	358307	352478	317116	13	1
Q01405_185	354159	316558	370761	668833	537813	781106	12	1
Q01853_658	141242	108241	122474	265036	215009	238387	9	1
Q01853_696	237326	250506	228959	376708	450883	448366	11	1
Q03265_123	55334	59429	53686	810508	789429	568779	13	1
Q03265_132	104154	104014	103121	208121	179452	183366	11	1
Q03265_161	143577	119742	127504	254056	328218	317948	12	1
Q03265_167	116012	121921	117636	236532	353950	240279	13	1
Q03265_175	132741	121562	78333	245065	263186	288681	10	1
Q03265_230	647393	540800	529589	1.50511e+006	1.46244e+006	1.46514e+006	25	1
Q03265_261	1.61562e+006	1.64681e+006	1.60816e+006	3.45389e+006	3.51669e+006	3.37837e+006	24	2
Q03265_427	970486	1.0074e+006	1.03046e+006	2.09618e+006	2.09414e+006	1.98209e+006	13	1
Q03265_434	115788	71208	86250	206621	224285	201610	7	1
Q03265_539	1.69654e+006	1.61032e+006	1.57474e+006	3.29241e+006	3.38347e+006	3.13371e+006	26	2
Q05920_1061	540047	442924	424337	857080	1.0616e+006	771392	12	1
Q05920_1090	172551	187371	195255	422679	489259	379538	12	1
Q05920_1124	201218	151410	147543	416227	509817	385955	11	1
Q05920_297	946693	875566	883241	1.95544e+006	2.00426e+006	1.86746e+006	23	2
Q05920_316	1.22505e+006	1.11592e+006	1.04688e+006	2.41615e+006	2.4132e+006	2.23701e+006	20	1
Q05920_442	61049	57522	55000	106181	104565	108698	11	1
Q05920_992	403325	399022	383682	737644	805496	811215	12	1
Q06185_34	196035	188169	203323	397311	409403	357418	11	1
Q07417_262	28407	21728	43425	426018	410356	377098	22	1
Q07417_306	2.72866e+006	2.51274e+006	2.35966e+006	6.18807e+006	6.35044e+006	5.69392e+006	25	1
Q07417_51	185007	221968	233253	852199	862682	838890	11	1
Q3TNA1_372	280098	237259	227398	389905	545901	475178	13	1
Q3UEG6_261	49179	44484	41496	99568	100821	92480	13	1
Q3UEG6_419	465592	400041	320603	1.21013e+006	1.20834e+006	1.16133e+006	13	1
Q3UEG6_70	3.4201e+006	3.28236e+006	3.17965e+006	6.89562e+006	7.1706e+006	6.81912e+006	24	1
Q3ULD5_433	872160	1.02022e+006	981366	2.15405e+006	2.26812e+006	2.07019e+006	24	1
Q3UNZ8_36	342896	285458	214988	476832	673158	443407	11	1
Q4LDG0_159	683754	443934	567781	1.29544e+006	1.32934e+006	1.18107e+006	24	1
Q4LDG0_161	104023	96086	91533	243486	215673	208853	13	1
Q4LDG0_416	795360	735015	765745	1.60616e+006	1.64025e+006	1.44246e+006	25	1
Q5FW57_183	274670	282999	279177	1.62862e+006	1.47956e+006	1.32571e+006	9	1
Q5FW57_256	548154	518033	536691	1.12522e+006	1.70105e+006	1.04547e+006	25	1
Q5FW57_41	464151	464509	409781	910417	916076	970900	12	1
Q5FW57_48	389008	375794	383623	909712	894737	826531	12	1
Q5FW57_80	324630	343707	362642	731454	853548	808790	19	1
Q5SSH7_2324	1.25359e+006	1.20656e+006	1.24136e+006	2.35083e+006	2.47152e+006	2.41602e+006	12	1
Q60759_240	566382	497345	506474	1.16835e+006	1.13924e+006	1.09969e+006	11	1
Q60759_253	257565	209035	163104	382698	242022	373347	10	1
Q60759_361	204839	194656	183123	377325	445423	375476	12	1
Q60759_371	878496	868610	793543	1.43204e+006	1.89085e+006	1.58641e+006	24	1
Q60931_163	544168	515325	359348	1.19948e+006	1.2105e+006	1.17185e+006	24	1
Q60931_224	330199	337166	329280	545539	531365	593741	11	1
Q60931_28	79680	114010	89893	551411	559124	473890	12	1
Q60932_109	250604	175242	164763	513175	347912	456422	9	1
Q60932_41	165891	147932	128605	654373	616444	610939	13	1
Q61176_26	1.04867e+007	9.91886e+006	9.89913e+006	2.08699e+007	2.16683e+007	2.03563e+007	34	2
Q61176_313	401618	310801	316875	710788	697796	653953	5	1
Q61176_320	1.13383e+006	1.06227e+006	1.07722e+006	2.76449e+006	2.43816e+006	2.24602e+006	20	1
Q61176_39	515273	789169	763847	1.64571e+006	1.93535e+006	1.7287e+006	38	2
Q61176_41	165006	177786	161337	345433	421330	369077	12	1
Q61176_89	169211	263862	201609	630065	544992	541348	12	1
Q61233_542	116909	152545	148775	154310	185574	267501	9	1
Q61316_53	71816	95374	155387	195725	387998	408928	13	1
Q61387_64	45343	154314	207480	442153	514271	177634	12	1
Q61425_136	40601	86546	163981	646750	647817	646183	12	1
Q61425_179	528679	841693	943141	1.0052e+007	1.09795e+007	9.2229e+006	64	3
Q61425_185	2.4656e+006	2.43265e+006	2.35928e+006	5.3572e+006	5.40409e+006	5.00404e+006	24	1
Q61425_192_202	258165	251543	224036	784507	780552	717620	12	1
Q61425_202	1.01724e+006	799886	822981	3.18292e+006	3.61473e+006	3.21296e+006	26	1
Q61425_75	445443	457761	469194	952735	952060	1.04663e+006	13	1
Q61578_242	74396	79238	46342	197626	142742	117609	13	1
Q61578_290	58738	47993	64312	125651	128449	112556	8	1
Q61586_779	439111	446963	434203	1.30192e+006	1.54515e+006	1.34979e+006	13	1
Q61586_783	397670	418764	416901	1.27495e+006	1.28418e+006	1.24807e+006	18	2
Q61598_164	396761	390341	398531	718724	808806	799546	13	1
Q61694_70	1.03148e+006	999762	1.0204e+006	2.18472e+006	2.31654e+006	2.12436e+006	22	1
Q61767_207	60016	48455	58590	106923	94066	103996	11	1
Q61767_70	817365	893305	918302	1.9515e+006	2.00165e+006	1.81359e+006	20	1
Q61937_265	603566	633901	620987	1.48533e+006	1.48369e+006	1.47046e+006	13	1
Q62452_97	521639	504786	489245	1.14836e+006	1.17028e+006	1.10496e+006	12	1
Q63836_179	559179	551268	510663	1.28089e+006	1.24495e+006	1.1849e+006	13	1
Q63836_289	344437	429804	343981	977807	915131	836529	24	2
Q63886_355	260338	246921	244738	612187	630806	613715	12	1
Q64374_144	1.12934e+006	824555	921687	1.90482e+006	2.00033e+006	2.26834e+006	24	1
Q64374_239	2.11607e+006	2.02119e+006	1.99455e+006	3.97518e+006	4.08794e+006	3.92352e+006	12	1
Q64433_66	1.84644e+006	1.77238e+006	1.72492e+006	3.9373e+006	3.90621e+006	3.7376e+006	23	1
Q64433_70	1.13195e+006	1.04882e+006	1.076e+006	2.339e+006	2.32591e+006	2.02905e+006	26	1
Q64433_8	1.15035e+006	1.08426e+006	1.08166e+006	2.2972e+006	2.37598e+006	2.2924e+006	12	1
Q64433_86	957949	820941	729559	2.74767e+006	2.61239e+006	2.57497e+006	25	1
Q64442_339	406453	370038	330058	964214	587163	789225	12	1
Q64442_63	496892	517538	447405	1.02484e+006	1.11197e+006	1.00986e+006	12	1
Q64458_241	164707	162320	158140	505980	329770	347651	22	2
Q64458_375	266322	238886	230700	1.63411e+006	1.4331e+006	1.37639e+006	24	1
Q64464_127	107724	100292	105767	251885	240562	179704	8	1
Q64471_22	543355	505409	529381	1.10295e+006	1.18456e+006	1.08673e+006	10	1
Q64514_883	138050	165656	210736	473100	510540	498627	12	1
Q64525_13_17_21	96645	88734	94214	179063	177276	168368	13	1
Q68FD5_1441	194603	248299	326243	280625	588385	69048	11	1
Q68FD5_637	148447	109628	104271	300309	306422	316249	13	1
Q69ZJ7_524	94695	229836	89055	177067	190946	195063	12	1
Q6IFZ9_116	457918	434354	511235	1.18069e+006	1.46641e+006	1.31429e+006	12	1
Q6P8J2_29	174590	29008	230945	777088	269911	376571	12	1
Q6PB66_462	22215	26670	24711	79010	71789	71167	11	1
Q6PGB6_34	480203	341824	379593	3.23034e+006	3.47837e+006	3.07213e+006	51	3
Q6PGB6_37	51589	62264	72039	1.35622e+006	1.44174e+006	1.30698e+006	24	1
Q6XVG2_432	1.05734e+006	968996	955359	2.2305e+006	2.16144e+006	1.94317e+006	31	2
Q6ZWV7_43	454548	428681	433616	402960	407822	464456	10	1
Q6ZWY9_13_16_21	355477	342507	340276	186414	222303	255896	13	1
Q6ZWY9_13_17_21	352227	350468	331949	187333	221842	255745	13	1
Q6ZWY9_16_17_21	351731	352448	344772	194090	223675	259149	13	1
Q71RI9_117	194359	174139	136198	320550	504769	361689	12	1
Q80XL6_175	171990	158217	157955	318530	340856	284335	13	1
Q80XN0_280	87823	94132	52207	184164	180186	113670	10	1
Q8BFR5_256	8006	416942	482163	1.51611e+006	1.37702e+006	1.31525e+006	13	1
Q8BG51_525	111974	148157	87798	163231	212234	168690	8	1
Q8BGA8_151	523428	912371	858389	1.88554e+006	2.11718e+006	1.89718e+006	12	1
Q8BGA8_154	183132	182721	160903	450880	466423	425394	10	1
Q8BGA8_96	345978	276636	322379	650763	681459	622765	11	1
Q8BGC4_35	654319	701287	833143	1.55212e+006	1.6966e+006	1.58194e+006	12	1
Q8BH00_344	674718	641338	623753	1.35923e+006	1.45506e+006	1.34896e+006	23	1
Q8BH59_377	540548	425926	564119	960204	917503	869258	10	1
Q8BH59_403	429880	451646	385749	1.04291e+006	1.00019e+006	1.03756e+006	21	1
Q8BH59_406	353680	334376	289523	996903	952262	949739	11	1
Q8BH95_101	3.36094e+006	3.32375e+006	3.3713e+006	7.83675e+006	7.60733e+006	7.09962e+006	26	1
Q8BH95_115	727506	499337	694570	1.66341e+006	1.64673e+006	1.62585e+006	13	1
Q8BH95_228	764498	854700	833414	1.89644e+006	2.39634e+006	2.18671e+006	13	1
Q8BIJ6_241	375158	386042	309976	793606	787523	729787	10	1
Q8BIJ6_74	1.35049e+006	1.25527e+006	1.22818e+006	3.43051e+006	3.49626e+006	3.14784e+006	13	1
Q8BJ64_438	95020	90758	67129	183741	199405	160083	10	1
Q8BMS1_129	313108	295101	294352	580592	627291	592565	11	1
Q8BMS1_166	87750	64669	50751	273822	286447	268271	13	1
Q8BMS1_303	288814	293743	263089	751999	704482	669368	11	1
Q8BMS1_326	869764	733815	700706	2.07371e+006	2.00052e+006	1.9636e+006	12	1
Q8BMS1_334	209462	233076	156276	363144	331804	295324	12	1
Q8BMS1_353	570753	599492	571264	440145	407293	527310	8	1
Q8BMS1_406	1.58672e+006	1.49443e+006	1.30613e+006	3.08348e+006	3.30418e+006	2.94796e+006	25	1
Q8BMS1_436	10446	18238	11583	275528	322434	259490	13	1
Q8BMS1_505	845813	1.08121e+006	1.08632e+006	6.96227e+006	7.37617e+006	6.52229e+006	52	2
Q8BMS1_516	86539	75022	64201	246758	340041	230385	10	1
Q8BMS1_540	181787	180424	177976	515814	685608	576936	18	1
Q8BMS1_569	718660	591019	580865	1.32901e+006	1.42808e+006	1.27917e+006	12	1
Q8BMS1_728	1.28633e+006	1.0734e+006	1.05174e+006	2.56459e+006	2.2705e+006	2.64896e+006	24	1
Q8BP40_316	78087	79419	77941	182028	175573	158661	12	1
Q8BTY1_413	123250	114861	141206	272538	285149	254312	12	1
Q8BVI4_121	988764	987298	957110	1.95512e+006	2.32337e+006	2.02856e+006	25	1
Q8BW75_248	169670	248332	158602	507523	523823	519588	12	1
Q8BW75_49	175281	250515	233305	609694	551422	544586	9	1
Q8BW75_52	2.13324e+006	2.26513e+006	2.16792e+006	5.33946e+006	5.28962e+006	4.66701e+006	37	2
Q8BWF0_114	67567	25179	41861	148291	159707	146859	13	1
Q8BWF0_347	164108	93236	120429	231954	352333	249555	12	1
Q8BWP5_97	100285	80171	80637	262314	274398	251359	12	1
Q8BWQ1_135	100691	63510	62603	172753	219922	154827	7	1
Q8BWT1_13	1.3e+007	1.2646e+007	1.29044e+007	2.53737e+007	2.594e+007	2.54863e+007	12	1
Q8BWT1_137	8.27508e+006	7.72164e+006	6.62326e+006	2.32796e+007	2.3659e+007	2.10976e+007	13	1
Q8BWT1_158	1.24397e+006	1.12634e+006	794438	8.34953e+006	8.65052e+006	7.27485e+006	26	1
Q8BWT1_171	7.73237e+006	6.99623e+006	6.2869e+006	1.88573e+007	1.92534e+007	1.72506e+007	26	1
Q8BWT1_234	7.35446e+006	6.72326e+006	6.39588e+006	1.53053e+007	1.63728e+007	1.4519e+007	49	3
Q8BWT1_240	772049	762048	839446	1.73581e+006	1.72889e+006	1.65902e+006	10	1
Q8BWT1_25	90017	215673	235593	3.53565e+006	3.85276e+006	3.23035e+006	39	2
Q8BWT1_305	768013	844808	806267	5.65854e+006	6.04676e+006	3.21364e+006	26	1
Q8BWT1_340	124398	105558	109487	264638	283304	214274	10	1
Q8BWU8_23	3.76924e+007	3.62775e+007	3.54914e+007	7.37891e+007	7.66479e+007	7.16995e+007	38	2
Q8C196_1100	23989	45434	35910	777780	1.19105e+006	816430	22	1
Q8C196_1168	4.73877e+006	4.5422e+006	4.48643e+006	9.71638e+006	1.00917e+007	9.46549e+006	22	1
Q8C196_1183	4.86068e+006	4.62156e+006	4.59135e+006	1.03436e+007	1.00865e+007	9.92553e+006	26	1
Q8C196_119	4.72061e+006	4.31542e+006	4.08067e+006	1.27111e+007	1.20075e+007	1.14754e+007	37	2
Q8C196_1229	74885	66722	63248	588756	684041	605677	12	1
Q8C196_1232	1.28125e+006	1.28086e+006	1.13497e+006	1.0781e+007	1.18938e+007	1.06081e+007	35	2
Q8C196_1269	10434	25080	20014	102178	92842	88824	9	1
Q8C196_1291	6.20286e+006	5.95992e+006	5.56539e+006	1.81647e+007	1.95871e+007	1.75032e+007	52	2
Q8C196_1356	4.69731e+006	4.2901e+006	4.41782e+006	9.77791e+006	9.9682e+006	9.52804e+006	26	1
Q8C196_1360	314309	288225	280075	667954	723297	650968	10	1
Q8C196_1479	7.65649e+006	6.50261e+006	6.87366e+006	1.38467e+007	1.52146e+007	1.53053e+007	13	1
Q8C196_1486	1.38472e+006	1.60433e+006	1.65259e+006	2.34553e+006	3.19362e+006	3.19515e+006	23	1
Q8C196_157	3.8254e+006	4.02223e+006	3.31992e+006	1.67254e+007	1.68381e+007	1.51842e+007	26	1
Q8C196_171	337489	320641	349564	709149	704884	694665	10	1
Q8C196_207	1.11944e+006	1.0292e+006	885201	5.87879e+006	6.45082e+006	5.83736e+006	51	2
Q8C196_228	2.2534e+006	2.17573e+006	2.0763e+006	4.75118e+006	4.85579e+006	4.53599e+006	18	1
Q8C196_287	6.32011e+006	6.19007e+006	5.59008e+006	1.66978e+007	1.72597e+007	1.56707e+007	47	2
Q8C196_307	3.5122e+006	3.70436e+006	3.36578e+006	1.20647e+007	1.30068e+007	1.20435e+007	91	4
Q8C196_310	1.08008e+006	1.02576e+006	1.01068e+006	2.2889e+006	2.29624e+006	2.18001e+006	13	1
Q8C196_44_55	509586	489540	482100	996497	1.04723e+006	1.00245e+006	12	1
Q8C196_458	3.67758e+006	3.38061e+006	3.10124e+006	8.6806e+006	8.55619e+006	7.64835e+006	26	1
Q8C196_522	1.45329e+006	1.30424e+006	996151	7.46168e+006	7.8913e+006	6.3319e+006	26	1
Q8C196_527	4.15287e+006	4.01177e+006	4.06286e+006	8.49655e+006	8.9848e+006	8.37191e+006	32	3
Q8C196_55	1.69872e+007	1.61191e+007	1.58679e+007	3.39675e+007	3.47748e+007	3.29693e+007	26	1
Q8C196_553	9.37456e+006	8.68118e+006	8.43956e+006	1.93473e+007	1.96399e+007	1.78755e+007	46	3
Q8C196_560	297629	374829	299006	1.6633e+006	1.61095e+006	1.43248e+006	15	2
Q8C196_575	30255	45702	53965	572074	772376	629978	26	1
Q8C196_751	3.34315e+006	3.16934e+006	2.98695e+006	8.86347e+006	9.075e+006	8.21703e+006	23	1
Q8C196_772	372607	214028	331270	1.03574e+006	964684	774714	12	1
Q8C196_793	757911	709615	685989	1.54057e+006	1.62855e+006	1.136e+006	11	1
Q8C196_811	892397	751274	773987	1.72942e+006	1.88862e+006	1.78092e+006	20	1
Q8C196_840	3.44708e+007	3.24133e+007	3.14283e+007	6.87966e+007	6.9425e+007	6.55725e+007	35	2
Q8C196_841	201399	456502	531934	1.02862e+006	842338	1.29712e+006	10	1
Q8C196_856	572571	532842	411890	2.608e+006	2.6429e+006	2.24408e+006	11	1
Q8C196_875	3.23439e+007	2.92441e+007	2.72497e+007	7.72375e+007	7.70207e+007	6.94338e+007	36	2
Q8C196_889	8.93679e+006	7.84243e+006	7.93021e+006	1.67547e+007	1.78047e+007	1.66745e+007	52	2
Q8C196_892	213605	173583	222403	367602	390100	370613	23	2
Q8C196_915	4.57383e+006	4.42632e+006	4.31632e+006	9.52135e+006	9.91415e+006	9.06352e+006	47	2
Q8C5H8_64	3.78814e+006	3.53112e+006	3.54837e+006	7.15496e+006	7.33442e+006	7.06198e+006	13	1
Q8CAK1_222	140293	178397	202488	532667	442467	369221	12	1
Q8CAY6_180	594214	609135	580304	1.37624e+006	1.34611e+006	1.33028e+006	25	1
Q8CC88_403	151138	160344	170734	317079	324378	344767	12	1
Q8CHT0_129	1.38714e+006	1.28151e+006	1.05021e+006	3.53545e+006	3.03336e+006	3.33325e+006	26	1
Q8CHT0_364	703989	830651	913329	373130	669029	446175	12	1
Q8CHT0_401	389129	368488	420089	862331	928654	728647	11	1
Q8CHT0_51	124705	127538	126483	245016	253028	285347	10	1
Q8CHT0_530	171278	168072	148830	375593	330379	356284	12	1
Q8CHT0_98	2.02598e+006	1.68981e+006	1.82746e+006	4.01202e+006	4.32557e+006	4.08064e+006	25	1
Q8CIE6_46	133513	66383	134579	326686	369710	276080	12	1
Q8CIM3_115	249261	192305	206125	527918	553934	494444	9	1
Q8JZK9_100	246336	178741	130086	617516	610695	686912	13	1
Q8JZN7_511	190045	180958	183349	418705	385381	414338	10	1
Q8JZR0_361	135483	144615	132337	295960	292479	269013	10	1
Q8K1R3_250	70176	62943	57779	334238	334043	264596	12	1
Q8K2B3_179	314172	381116	364334	707763	681130	701735	13	1
Q8K2B3_480	1.5314e+006	1.39728e+006	1.4952e+006	3.26904e+006	3.36092e+006	3.12282e+006	24	1
Q8K2B3_498	437286	419711	422550	914828	991692	899685	17	1
Q8K2B3_517	587124	513286	580812	922204	856249	906871	12	1
Q8K2B3_538	108807	162861	163403	2.56638e+006	2.55183e+006	2.35446e+006	12	1
Q8K2B3_547	5.1966e+006	4.93468e+006	5.00784e+006	1.17735e+007	1.21502e+007	1.14541e+007	23	1
Q8K2B3_608	355207	332224	361896	765705	827768	713026	29	2
Q8K2B3_615	54187	40896	14928	91639	107383	85055	10	1
Q8K2B3_633	933189	796850	909512	1.6323e+006	2.11678e+006	1.82056e+006	37	2
Q8K370_1052	1.50242e+006	1.36897e+006	1.36763e+006	3.56732e+006	3.74743e+006	3.44068e+006	24	1
Q8K411_883	281215	117111	112700	433593	553766	494948	12	1
Q8K411_945	178932	157379	170753	427958	424480	364622	12	1
Q8K4F5_79	863196	640379	353788	1.34165e+006	1.3265e+006	1.48746e+006	26	1
Q8QZS1_220	344804	360580	393984	675895	758485	674615	12	1
Q8QZS1_232	29195	34224	23428	330584	335403	299639	11	1
Q8QZS1_300	238958	244462	237644	531844	602157	523787	12	1
Q8QZS1_352	1.653e+006	1.494e+006	1.48924e+006	3.12969e+006	3.37514e+006	3.13329e+006	23	1
Q8QZS1_54	542555	491402	449271	1.92246e+006	1.94174e+006	1.91626e+006	26	2
Q8QZT1_171	1.40685e+007	1.31157e+007	1.24874e+007	3.34e+007	3.01814e+007	3.12178e+007	48	2
Q8QZT1_199	382656	356863	357232	645216	636777	638283	13	1
Q8QZT1_227	2.70034e+006	2.56506e+006	2.13147e+006	9.25994e+006	1.17618e+007	1.02062e+007	36	2
Q8QZT1_254	463130	1.24068e+006	1.15341e+006	1.81237e+006	2.43025e+006	2.31492e+006	24	1
Q8QZT1_260	109801	92348	135395	216477	206492	167083	8	1
Q8QZT1_263	165445	193535	201374	323821	340307	295761	10	1
Q8QZT1_304	664573	618360	662027	1.33705e+006	1.44576e+006	1.24348e+006	11	1
Q8QZT1_335	510426	478151	483166	989687	998306	966860	10	1
Q8QZT1_63	83638	127300	102412	1.90518e+006	2.00064e+006	1.69209e+006	23	1
Q8QZT1_75	305345	293921	270875	696333	680956	644757	8	1
Q8R0Y6_128	285249	305745	321508	707790	695375	566669	13	1
Q8R0Y6_205	149869	147120	126523	325211	347565	315756	12	1
Q8R0Y6_35	1.18182e+006	893716	894415	1.90724e+006	1.92743e+006	1.55349e+006	24	2
Q8R0Y6_38	278991	389319	385588	774143	662181	762146	11	1
Q8R0Y6_479	611163	487410	490644	1.41451e+006	1.4563e+006	1.02145e+006	24	1
Q8R0Y6_608	19287	28282	12466	219215	275631	127171	10	1
Q8R0Y6_615	236837	333784	275883	1.0115e+006	1.00763e+006	855358	12	1
Q8R0Y6_668	404266	371579	377868	506587	477076	516709	13	1
Q8R0Y6_733	739512	692719	723445	1.42218e+006	1.5694e+006	1.46904e+006	13	1
Q8R0Y6_876	597417	583050	597248	1.30352e+006	1.27192e+006	1.1691e+006	23	1
Q8R164_126	1.20975e+006	1.22278e+006	1.05146e+006	3.43276e+006	3.63332e+006	3.18577e+006	52	2
Q8R164_243	1.50424e+006	1.31284e+006	1.30477e+006	3.96077e+006	3.4092e+006	3.28154e+006	12	1
Q8R164_260	77661	64819	73700	133729	146953	138029	11	1
Q8R4N0_55	1.79582e+006	2.66476e+006	2.65898e+006	5.82158e+006	5.47348e+006	5.01418e+006	39	2
Q8R4N0_80	545443	492050	461371	1.02994e+006	1.04065e+006	987136	22	1
Q8VC12_485	2.23683e+006	1.97757e+006	1.53151e+006	4.60271e+006	4.52718e+006	3.98926e+006	24	1
Q8VC12_534	178606	137769	96373	435462	475474	421142	13	1
Q8VC30_179	240002	157506	134570	306411	286037	262325	12	1
Q8VCH0_259	2.25662e+006	2.09872e+006	1.9717e+006	5.25512e+006	5.41986e+006	4.74357e+006	25	1
Q8VCH0_395	102790	112893	120002	239039	262630	232920	6	1
Q8VCN5_138	394267	387254	352402	847776	902501	798159	13	1
Q8VCN5_140	1.64476e+006	1.5189e+006	1.52594e+006	5.02769e+006	5.55122e+006	5.02457e+006	24	1
Q8VCN5_177	175490	170312	188582	382341	372974	356326	13	1
Q8VCN5_303	639589	571574	611539	1.13694e+006	1.39728e+006	1.29893e+006	13	1
Q8VCN5_72	1.08772e+006	1.07259e+006	921220	2.2566e+006	2.26742e+006	2.08884e+006	23	1
Q8VCR2_70	289673	273465	207198	574761	491320	568417	11	1
Q8VCR7_194	116163	115588	101197	210211	172306	183855	9	1
Q8VCT4_304	31673	25517	31810	69094	182845	90971	9	1
Q8VCW8_179	729675	737096	743319	1.49668e+006	1.5782e+006	1.48189e+006	12	1
Q8VCW8_182	3.13688e+006	2.93892e+006	2.89037e+006	6.63031e+006	6.76215e+006	6.11029e+006	26	1
Q8VCW8_199	304358	279833	282013	616950	640981	635287	21	1
Q8VCW8_206	71224	208530	50397	305489	253520	314099	11	1
Q8VCW8_398	716489	693188	693147	1.53132e+006	1.60135e+006	1.49938e+006	12	1
Q8VDK1_188	292292	297629	296426	770881	719491	783904	13	1
Q8VDN2_487	70068	97125	91859	188830	231774	171725	10	1
Q8VE38_78	121321	93090	85927	234051	222592	211400	13	1
Q8VEM8_204	1.10107e+006	959482	946762	2.23095e+006	2.24302e+006	2.13743e+006	26	1
Q8VEM8_242	291223	238018	310655	529507	614287	634026	10	1
Q8VEM8_308	162528	160798	133811	340360	321283	308725	11	1
Q8VEM8_94	153483	152716	152770	289756	357693	349153	10	1
Q91V41_59	52093	36689	44589	91618	113224	92144	9	1
Q91VA0_142	2.41202e+006	1.88558e+006	1.98651e+006	4.68805e+006	4.81354e+006	4.5185e+006	23	1
Q91VA0_214	440309	354838	325903	662425	1.00073e+006	882024	13	1
Q91VA0_352	822599	769569	724024	2.22995e+006	2.19478e+006	1.98121e+006	12	1
Q91VA0_527	66695	79188	76470	334311	393735	333264	13	1
Q91VD9_467	649878	557970	558136	935383	1.43245e+006	1.07788e+006	26	1
Q91VD9_84	229167	215722	224694	598831	589721	526373	12	1
Q91VD9_98	179519	218127	166714	547543	574607	517330	13	1
Q91VM9_211	137724	55236	135702	268256	306014	264715	8	1
Q91VR2_112	216725	208996	217363	418025	461353	461629	12	1
Q91VR2_154	2.55592e+006	2.42164e+006	2.39312e+006	5.37535e+006	5.51964e+006	5.13303e+006	21	1
Q91VR2_49	750716	662657	665627	1.00896e+006	1.03959e+006	1.03032e+006	12	1
Q91VR2_55	439756	383513	335100	774299	896128	832585	12	1
Q91VS7_55	120840	116244	133596	257177	262490	295552	13	1
Q91VT4_120	113213	111281	58654	450457	541750	444104	12	1
Q91W43_519	606247	567580	579565	928166	1.23177e+006	1.02583e+006	12	1
Q91WL5_104	73023	73472	56036	286077	321685	260897	13	1
Q91WS0_104	580924	496850	560396	1.14022e+006	1.0394e+006	1.09668e+006	12	1
Q91WT9_386	232325	229955	239682	623864	563165	488858	13	1
Q91X34_138	382119	337696	337027	809464	652593	608862	9	1
Q91X44_279	179576	196390	145015	801642	745869	780501	25	1
Q91X83_304	149737	147749	167151	318484	295214	294208	7	1
Q91X91_86	107140	109777	102031	236074	223051	254519	11	1
Q91XD4_424	92123	82083	79307	224780	195789	232912	13	1
Q91XE0_127	322068	254932	266906	829123	765474	749126	12	1
Q91XE0_141	180842	145347	167640	358189	361681	525404	8	1
Q91XE0_183	303139	300557	204688	23646	24555	35345	7	1
Q91XE0_256	301106	276097	234544	372520	433854	393801	11	1
Q91XE0_267	520347	535594	561281	1.13524e+006	1.23699e+006	1.08703e+006	23	2
Q91XF0_100	1.56391e+006	1.42252e+006	1.17746e+006	3.17048e+006	3.21942e+006	3.18978e+006	13	1
Q91Y97_101	166927	159156	163624	307078	344458	342833	8	1
Q91Y97_108	1.08416e+006	806638	848983	3.75227e+006	3.86967e+006	3.5066e+006	22	1
Q91Y97_147	2.20627e+006	2.00154e+006	2.18885e+006	4.14996e+006	4.37921e+006	4.01504e+006	21	1
Q91Y97_297	300146	305262	247688	697080	581318	691261	12	1
Q91Y97_330	249943	299796	308620	483990	693201	676260	11	1
Q91YI0_192	104771	122416	131974	255667	283250	260043	13	1
Q91YI0_51	631060	604415	581049	1.18947e+006	1.43685e+006	1.16973e+006	13	1
Q91YI0_80	430716	254188	324149	811721	789700	837298	11	1
Q91YP0_105	317385	327549	337285	661056	416794	525043	24	1
Q91YQ5_188	105501	91060	98251	237638	242133	219341	8	1
Q91Z53_94	41158	18911	47908	80216	60221	196896	9	1
Q91Z53_95	12075	29349	25748	127289	107091	122280	6	1
Q91ZA3_129	200752	204401	205396	775125	723703	599096	10	1
Q91ZA3_150	181727	238538	248680	485846	455301	401862	12	1
Q91ZA3_324	536401	439233	321063	1.85378e+006	1.60328e+006	896358	13	1
Q91ZA3_61	243815	309061	215276	519568	661817	500863	13	1
Q920E5_57	253881	242730	207130	538484	635716	546046	12	1
Q921G7_124	244348	205305	180506	1.09111e+006	1.16234e+006	1.02012e+006	25	2
Q921G7_356	254667	227892	279595	478409	532112	472462	24	1
Q921G7_415	343677	320941	292427	755303	752788	658594	13	1
Q921H8_234	87898	78954	87253	195725	188971	151446	12	1
Q922D8_473	182223	167985	92926	257422	426687	332387	11	1
Q922D8_488	174592	112767	156132	419365	274002	245362	8	1
Q922D8_553	348781	374399	331639	742394	794161	679641	36	2
Q922Q8_108	273411	275178	235181	725770	797236	742435	18	1
Q922Q8_149	79085	58486	71215	158834	107703	156889	12	1
Q922Q8_73	438106	423295	408612	1.20118e+006	991163	1.08174e+006	11	1
Q925I1_490	2.55678e+006	2.06106e+006	2.04618e+006	5.20301e+006	5.20554e+006	4.6994e+006	13	1
Q93092_258	11462	4014	11432	73410	140326	74269	10	1
Q93092_286	294274	252641	236140	500813	518783	464475	12	1
Q93092_321	96098	161213	162008	244982	343282	261793	12	1
Q99J08_51	122693	157527	159707	344521	373756	302194	10	1
Q99J99_21	341863	296239	278331	936108	1.01083e+006	910046	19	1
Q99J99_40	947007	799501	748519	2.57673e+006	2.69164e+006	2.5617e+006	24	1
Q99JB2_145	516212	442140	446016	848586	983955	873267	12	1
Q99JW2_288	86339	60355	132643	280237	361840	417831	13	1
Q99JY0_189	1.48574e+006	1.6244e+006	1.52045e+006	3.44003e+006	2.94936e+006	3.18717e+006	23	2
Q99JY0_202	1.80639e+006	1.69666e+006	1.72093e+006	3.4586e+006	3.70525e+006	3.49558e+006	13	1
Q99JY0_333	908756	860367	861727	1.78943e+006	1.97571e+006	1.79863e+006	11	1
Q99JY0_73	1.49871e+006	1.45838e+006	1.43076e+006	4.48933e+006	5.07596e+006	4.49238e+006	25	1
Q99K48_200	257392	234276	183623	496871	532523	519311	12	1
Q99K51_545	130172	120069	98141	288023	290540	289108	9	1
Q99K67_128	26239	29144	22208	107548	95164	110778	12	1
Q99K67_138	1.6627e+006	1.43556e+006	1.54564e+006	2.93954e+006	3.06879e+006	2.8854e+006	21	1
Q99K67_52	3.34616e+006	3.06426e+006	3.08803e+006	6.42729e+006	7.09042e+006	6.66077e+006	23	1
Q99K67_535	594473	512331	494903	876866	1.06133e+006	1.02781e+006	13	1
Q99K67_56	255276	226799	236716	471835	464409	400429	12	1
Q99K67_584	138697	45714	60800	186532	205141	216803	11	1
Q99K67_707	439434	392645	354021	1.02381e+006	1.12287e+006	1.04941e+006	12	1
Q99K67_93	73591	81477	61616	376429	443288	472934	12	1
Q99K67_99	58830	49310	58131	99280	103119	80875	13	1
Q99KB8_114	347751	360354	320903	861194	863732	1.1051e+006	20	1
Q99KI0_138	171678	150661	140818	428200	384072	469555	12	1
Q99KI0_401	329438	203383	179345	411095	340330	345535	9	1
Q99KI0_462	208731	199001	189046	443425	451387	426439	13	1
Q99KI0_50	1.48156e+006	1.34992e+006	1.18205e+006	3.53648e+006	3.77107e+006	3.17147e+006	25	1
Q99KI0_689	1.80399e+006	1.37055e+006	1.82078e+006	2.88724e+006	3.82395e+006	3.19663e+006	13	1
Q99KR3_282	418904	385244	419081	773309	851898	819792	13	1
Q99KR7_66	154017	133365	121059	449333	511371	407081	12	1
Q99L13_241	787968	796523	767373	1.86192e+006	1.8077e+006	1.79611e+006	23	1
Q99L13_296	620578	581100	453821	1.86146e+006	2.00382e+006	1.63916e+006	23	1
Q99L13_78	148554	114537	132209	255714	293244	294566	11	1
Q99L47_152	315801	295855	216741	591802	507261	606810	10	1
Q99LB2_106	1.66406e+006	1.62504e+006	1.59429e+006	3.12036e+006	3.49653e+006	3.37625e+006	11	1
Q99LB2_159	168510	178827	175183	365395	405216	404252	12	1
Q99LB2_217	990225	921903	845318	1.9212e+006	2.16539e+006	2.06563e+006	26	1
Q99LB2_99	73593	98710	30618	233102	272545	287905	10	1
Q99LB7_286	137152	129331	137853	262622	318351	293017	11	1
Q99LB7_776	207746	159813	313616	1.05358e+006	403680	362519	22	1
Q99LB7_905	327000	273758	297146	930643	1.03057e+006	872362	10	1
Q99LC5_126	364037	317278	221879	1.01803e+006	1.12104e+006	1.0309e+006	12	1
Q99LC5_139	376117	341542	287268	1.15509e+006	1.2447e+006	1.1359e+006	13	1
Q99LC5_187	115845	125671	113441	857989	579301	695348	13	1
Q99LC5_232	38829	27562	11052	263188	202160	219523	12	1
Q99LC5_75	329621	292184	287696	632731	560929	634566	13	1
Q99LC5_85	525544	506817	468058	2.12106e+006	2.08573e+006	1.84164e+006	21	1
Q99LF4_496	2.18295e+006	2.12324e+006	2.13117e+006	4.22476e+006	4.53784e+006	4.30775e+006	42	3
Q99LX0_148	171762	222282	154026	590118	810125	497478	12	1
Q99MZ7_17	542311	468060	407206	1.47092e+006	1.38813e+006	1.5415e+006	12	1
Q99MZ7_92	233648	184690	194223	428576	382457	372665	13	1
Q99P30_39	277861	250160	242770	675078	744184	656057	12	1
Q99PG0_134	219577	172699	176504	352592	434642	329746	11	1
Q99PL5_1564	98161	109081	121672	259258	238769	207100	11	1
Q9CPP6_36	530049	501218	438115	985159	1.14496e+006	1.11142e+006	13	1
Q9CPQ1_61	75857	10520	62445	138339	136709	129921	6	1
Q9CPQ8_11	209913	173570	167885	472745	642447	510411	8	1
Q9CPQ8_24	593769	600444	561377	1.29572e+006	1.31205e+006	1.25646e+006	25	1
Q9CPQ8_35	281218	309139	254205	1.66804e+006	1.77502e+006	1.53997e+006	26	2
Q9CPQ8_61	1.13615e+006	1.03748e+006	979657	2.31268e+006	2.44059e+006	2.27551e+006	24	2
Q9CPQ8_66	177359	203049	189246	488929	378586	392719	12	1
Q9CPU0_140	476430	481929	472510	1.16422e+006	1.2223e+006	1.08026e+006	12	1
Q9CPU0_148	600367	502036	558349	1.30318e+006	1.29624e+006	1.28987e+006	20	2
Q9CPY7_221	447897	365890	325259	824863	601484	919519	12	1
Q9CPY7_455	642687	651902	632400	1.28829e+006	1.23338e+006	1.20056e+006	13	1
Q9CPY7_476	147360	148508	83024	487063	531876	506075	12	1
Q9CQ62_106	87519	28898	11779	155117	171890	159774	11	1
Q9CQ62_244	4.14741e+006	3.7057e+006	3.5159e+006	7.97311e+006	7.92612e+006	7.51332e+006	25	1
Q9CQ62_260	2.0023e+006	1.93628e+006	1.92215e+006	4.57824e+006	4.51903e+006	4.46534e+006	23	2
Q9CQ62_42	255125	292473	296559	882826	824623	589326	13	1
Q9CQ62_49	347866	309108	322432	876778	962523	854792	13	1
Q9CQ62_97	969875	952382	858081	2.21216e+006	1.93648e+006	2.13577e+006	24	1
Q9CQ69_33	196421	192508	192191	493498	432925	385840	9	1
Q9CQA3_53	131058	118254	113336	276468	365526	238684	12	1
Q9CQA3_57	138630	104828	112702	225037	245542	198246	7	1
Q9CQE1_45	403026	220533	347912	642261	805167	651922	9	1
Q9CQE1_48	1.25448e+006	1.35752e+006	1.18356e+006	3.05249e+006	3.49252e+006	2.97464e+006	25	2
Q9CQE1_57	84764	133782	91397	209836	202376	201200	10	1
Q9CQF3_23	578572	598290	595177	1.34374e+006	1.38098e+006	1.30666e+006	26	1
Q9CQJ8_121	133074	130604	131043	329241	443897	414068	11	1
Q9CQN1_334	63028	73980	71908	53258	209136	87348	13	1
Q9CQQ7_154	967541	847054	827209	1.81353e+006	1.67423e+006	1.76764e+006	25	1
Q9CQQ7_162	1.92878e+006	1.83293e+006	1.7756e+006	1.3435e+006	1.35647e+006	1.54062e+006	13	1
Q9CQQ7_221	1.30324e+006	1.26808e+006	1.21206e+006	2.65459e+006	2.89613e+006	2.62808e+006	26	1
Q9CQQ7_225	6.96666e+006	6.55057e+006	6.6272e+006	1.41023e+007	1.45525e+007	1.36909e+007	49	2
Q9CQQ7_233	2.55997e+006	2.56901e+006	2.43733e+006	5.67203e+006	5.96168e+006	5.45587e+006	24	1
Q9CQQ7_244	700191	656790	639555	1.42394e+006	1.44232e+006	1.38692e+006	13	1
Q9CQR4_127	887477	952379	938922	1.69257e+006	1.24208e+006	1.56437e+006	13	1
Q9CQR4_17	241213	208876	580993	598461	556743	629884	11	1
Q9CQR4_27	330253	352788	285351	796998	643701	812207	23	1
Q9CQR4_43	236967	245705	235530	525463	534842	503797	12	1
Q9CQV8_51	367771	384462	368773	961519	912995	1.00224e+006	25	1
Q9CQZ6_40	2.32346e+006	2.28121e+006	2.23622e+006	5.00835e+006	5.14776e+006	4.91366e+006	26	1
Q9CR09_122	143265	129497	122121	375738	334949	277325	10	1
Q9CR57_85	434426	235232	287604	813945	967113	705657	12	1
Q9CVB6_275	36969	56201	33566	259059	102090	71478	9	1
Q9CXJ4_245	127643	123864	85649	192959	246908	209168	8	1
Q9CXW4_52	294488	253199	192569	481720	511459	547427	13	1
Q9CXW4_85	118077	127074	106058	188697	196447	195071	11	1
Q9CYW4_15	546789	524588	441678	1.51376e+006	1.45617e+006	1.26202e+006	25	1
Q9CYW4_20	131059	94183	88475	292313	344466	246599	12	1
Q9CZ13_111	682072	646943	587510	1.40296e+006	1.49142e+006	1.57808e+006	12	1
Q9CZ13_163	62524	72651	48834	504245	472899	431282	24	2
Q9CZ13_85	170791	193175	147326	257242	316200	234542	11	1
Q9CZL5_124	987717	873744	921634	1.93116e+006	2.01379e+006	1.89723e+006	12	1
Q9CZL5_131	75553	73975	52184	231920	255223	177596	12	1
Q9CZS1_366	1.08181e+006	1.02598e+006	892915	2.40394e+006	2.29457e+006	2.11596e+006	24	2
Q9CZS1_428	330510	338719	362746	667376	917391	970119	12	1
Q9CZU6_103	629364	641857	699113	1.55965e+006	1.01224e+006	1.50302e+006	10	1
Q9CZU6_375	1.83609e+006	1.69749e+006	1.56782e+006	4.50647e+006	4.8589e+006	4.25516e+006	23	1
Q9CZU6_382	139435	115323	77516	623478	638960	639155	13	1
Q9CZX8_23	838351	794750	830703	1.71135e+006	1.75655e+006	1.74868e+006	13	1
Q9CZX8_27	553997	500277	533681	1.13328e+006	1.18032e+006	1.06687e+006	13	1
Q9D0F9_16	408507	371306	368510	816472	918537	757774	23	1
Q9D0F9_419	65498	69575	53330	170381	146494	126695	10	1
Q9D0F9_8	42355	36606	43224	85201	87230	77473	9	1
Q9D0J8_15	1.31441e+006	817831	1.00771e+006	3.0025e+006	3.1624e+006	2.80582e+006	12	1
Q9D0S9_128	256729	259875	307880	546601	576540	564416	23	2
Q9D172_201	821852	748207	677908	1.89521e+006	1.82093e+006	1.53723e+006	12	1
Q9D1I5_152	3.52346e+006	3.0776e+006	3.22454e+006	6.61357e+006	7.0392e+006	6.67518e+006	26	1
Q9D1R9_36	309532	297017	304098	671147	670644	643275	11	1
Q9D2G2_278	6.64993e+006	6.3082e+006	5.93264e+006	1.42265e+007	1.49761e+007	1.41841e+007	52	2
Q9D2R0_391	92761	225885	236234	687766	1.21329e+006	568613	13	1
Q9D2R0_394	106687	15634	242473	703166	1.15032e+006	617859	12	1
Q9D2U9_13_16_17	18950	8514	79824	65431	83973	107662	8	1
Q9D379_61	52996	53167	44874	90174	124477	91253	13	1
Q9D3D9_136	5.07266e+006	4.74896e+006	4.43534e+006	1.08733e+007	1.12134e+007	1.02744e+007	26	1
Q9D404_174	1.38437e+006	769075	663349	931451	1.32057e+006	1.3985e+006	23	1
Q9D6J6_208	24178	27943	25634	160924	131838	99436	12	1
Q9D6M3_83	1.20682e+006	1.06716e+006	1.13465e+006	2.52673e+006	2.76422e+006	2.64389e+006	24	1
Q9D6R2_336	293251	266234	276440	661845	635967	617232	8	1
Q9D6Y7_110	114432	140013	157960	287050	360481	351821	12	1
Q9D6Y7_183	486583	492846	481435	1.00862e+006	1.12449e+006	1.00824e+006	12	1
Q9D7J9_76	241708	208975	204108	410460	265755	381362	20	1
Q9D819_170	187672	145389	165104	209840	366902	264454	10	1
Q9D819_228	516065	476819	474351	1.05902e+006	916624	1.04625e+006	13	1
Q9D819_57	169896	76648	174263	338600	658366	307213	8	1
Q9D826_126	414897	349043	360438	777144	792735	759006	12	1
Q9D855_12	713084	688825	749301	1.42107e+006	1.50496e+006	1.4919e+006	11	1
Q9D855_19	101785	59702	56725	203843	308141	194698	7	1
Q9D855_88	203838	141820	149431	744345	1.03382e+006	512234	21	2
Q9D855_96	259331	233380	225094	1.02314e+006	928842	857981	13	1
Q9D8N0_147	6.62259e+006	6.51961e+006	6.45807e+006	1.32256e+007	1.38845e+007	1.28526e+007	34	2
Q9D8N0_434	4.39251e+006	4.2949e+006	4.3402e+006	8.76936e+006	9.2862e+006	8.71063e+006	13	1
Q9D939_96	419277	457165	304550	777193	785827	834198	13	1
Q9D9V3_232	802964	715624	679773	1.86375e+006	1.89112e+006	1.71262e+006	13	1
Q9DB20_100	327865	309170	250064	1.72317e+006	1.75343e+006	1.46618e+006	24	1
Q9DB20_158	48919	35383	28373	654124	634397	531267	13	1
Q9DB20_162	291887	288043	270819	631898	796945	689926	13	1
Q9DB20_192	995315	926833	933067	2.01495e+006	2.06367e+006	1.82168e+006	20	1
Q9DB20_199	577531	545137	566552	1.0145e+006	1.06734e+006	1.07124e+006	12	1
Q9DB20_60	7.63901e+006	7.36893e+006	7.29864e+006	1.50335e+007	1.64528e+007	1.49917e+007	33	2
Q9DB20_70	2.9237e+006	2.50177e+006	2.71221e+006	5.90337e+006	6.0259e+006	5.75928e+006	13	1
Q9DB20_84	80605	73169	70576	129876	183699	126041	9	1
Q9DB77_66	126202	96199	59642	251965	178739	268325	11	1
Q9DB77_98	332835	291769	313621	660150	653716	649184	11	1
Q9DBF1_500	898181	826574	682072	2.98166e+006	2.76474e+006	2.52338e+006	25	1
Q9DBF1_86	130511	104814	118483	307002	260996	286887	12	1
Q9DBF1_94	125108	101052	103191	441048	578859	489456	12	1
Q9DBG1_271	100808	97888	72812	223513	173196	116487	8	1
Q9DBG1_499	79624	76376	62271	265905	186866	245244	13	1
Q9DBJ1_100	167295	150396	151511	300464	356074	334956	12	1
Q9DBJ1_39	269491	257427	207837	577690	535214	559353	12	1
Q9DBL1_278	100031	90121	71579	273114	213651	235485	5	1
Q9DBL1_284	1.61473e+006	1.55086e+006	1.57707e+006	2.89301e+006	2.94398e+006	2.74057e+006	12	1
Q9DBL1_70	59551	58218	65972	109295	136537	143138	9	1
Q9DBM2_163	60674	57472	44273	265042	276388	241296	10	1
Q9DBM2_172	17287	15868	14455	147466	102155	140025	12	1
Q9DBM2_217	132997	157021	126088	844756	947332	815185	24	2
Q9DBM2_248	94138	105138	73577	174082	241504	165815	12	1
Q9DBM2_274	2.38091e+006	2.08528e+006	2.01369e+006	5.47646e+006	5.54537e+006	5.09293e+006	37	2
Q9DBM2_278	447532	426706	371942	982874	931039	815280	11	1
Q9DBM2_344	2.92764e+006	2.77249e+006	2.73556e+006	6.14657e+006	6.54701e+006	5.54047e+006	36	2
Q9DBM2_459	366694	286035	304422	775725	802079	768304	13	1
Q9DBM2_527	252400	243350	143019	653547	377134	525133	10	1
Q9DBM2_579	1.58028e+006	1.05408e+006	1.35596e+006	2.83967e+006	3.3469e+006	2.74354e+006	22	1
Q9DBT9_107	728901	745870	772328	1.37838e+006	1.52012e+006	1.30171e+006	24	2
Q9DBT9_141	340447	225334	342272	604420	677195	629123	12	1
Q9DBT9_275	131609	100955	89280	240158	256231	226298	11	1
Q9DBT9_427	500685	439784	402824	1.10236e+006	1.09947e+006	997033	13	1
Q9DBT9_469	3.73186e+006	3.51889e+006	3.51466e+006	7.36643e+006	7.78339e+006	7.3116e+006	12	1
Q9DBT9_516	2.00343e+006	1.75404e+006	1.72362e+006	3.5935e+006	3.22134e+006	3.46916e+006	37	2
Q9DBT9_63	43293	54184	46276	422742	316064	319393	13	1
Q9DBT9_648	232518	251991	219919	539246	702371	619829	12	1
Q9DC69_175	237511	248289	220562	585855	534477	459302	24	1
Q9DCM0_172	1.0812e+006	1.10637e+006	998569	2.32159e+006	2.61896e+006	2.18432e+006	24	1
Q9DCM0_66	22423	20143	2449	236426	263495	242741	10	1
Q9DCM2_116	236699	185263	172607	540645	335804	421080	12	1
Q9DCM2_158	4.22594e+006	3.95688e+006	3.76324e+006	9.45698e+006	9.61798e+006	8.99114e+006	26	1
Q9DCM2_165	262273	269465	263741	106025	109934	133554	11	1
Q9DCM2_177	320678	341259	332783	819016	839289	758814	13	1
Q9DCM2_49	260591	252492	184307	642618	610074	546946	12	1
Q9DCM2_68	620808	591000	577611	1.1443e+006	1.36022e+006	1.03975e+006	10	1
Q9DCN2_120	111496	105253	98685	216808	265438	249456	12	1
Q9DCN2_42	1.11452e+006	963394	961160	2.40942e+006	2.15723e+006	2.4883e+006	18	1
Q9DCS3_252	206581	186507	199037	464144	500973	431583	10	1
Q9DCV7_111	104088	142762	114065	507818	394879	382601	12	1
Q9DCW4_110	2.22015e+006	2.06221e+006	2.13657e+006	4.09274e+006	4.17678e+006	3.96995e+006	32	3
Q9DCW4_114	458358	436926	383514	1.08302e+006	1.10577e+006	1.03676e+006	12	1
Q9DCW4_116	482700	450720	399423	1.06887e+006	1.13897e+006	1.06433e+006	19	2
Q9DCW4_200	953480	923789	917892	1.83796e+006	1.25653e+006	1.77574e+006	12	1
Q9DCW4_248	666798	669439	640545	1.58929e+006	1.64435e+006	1.38673e+006	24	1
Q9DCW4_26	816913	762778	724892	1.61579e+006	1.61754e+006	1.59655e+006	13	1
Q9DCX2_117	2.47885e+006	2.26821e+006	2.44363e+006	5.12788e+006	5.25605e+006	4.98397e+006	25	1
Q9DCX2_149	670509	680271	629521	1.37332e+006	1.01068e+006	1.31637e+006	13	1
Q9DCX2_32	516407	498331	500339	1.076e+006	1.20764e+006	1.15129e+006	12	1
Q9DCX2_72	6.69398e+006	6.28693e+006	6.2639e+006	1.35038e+007	1.45032e+007	1.30025e+007	26	1
Q9DCX2_78	3.9733e+006	3.7112e+006	3.59596e+006	8.28944e+006	8.04511e+006	7.38901e+006	66	4
Q9DCX2_85	2.82664e+006	2.4314e+006	2.38809e+006	5.9577e+006	6.01396e+006	5.39788e+006	33	2
Q9DCX2_95	2.28085e+006	3.83457e+006	3.70622e+006	7.74621e+006	7.76768e+006	1.01215e+007	52	2
Q9DCY0_124	196530	255341	285385	292637	750338	391451	13	1
Q9DCY0_150	192202	360063	284942	791444	774503	770027	13	1
Q9DCY0_266	425566	424701	266895	464160	263919	595730	7	1
Q9EP89_346	173996	160531	144716	395358	266035	276031	10	1
Q9EP89_383	661914	621724	621919	1.33805e+006	1.40269e+006	1.35596e+006	10	1
Q9EPE9_971	129847	69841	109138	208195	209008	209694	8	1
Q9EQ20_113	209667	208475	163942	447386	435778	419760	13	1
Q9EQ20_117	1.75781e+006	1.52486e+006	1.58409e+006	3.3018e+006	3.5686e+006	3.32892e+006	24	2
Q9EQ20_129	308101	315713	271641	824781	993724	853547	12	1
Q9EQ20_47	2.4237e+006	2.37371e+006	2.34632e+006	5.87882e+006	6.54483e+006	6.059e+006	23	1
Q9EQ20_55	2.58476e+006	3.44654e+006	3.07154e+006	7.51703e+006	6.45495e+006	6.94233e+006	13	1
Q9EQ20_87	1.37482e+006	1.1741e+006	1.22232e+006	2.87622e+006	2.95827e+006	2.48545e+006	26	1
Q9EQF5_252	181496	196661	162252	644440	605542	606859	9	1
Q9ER88_269	42972	28647	33740	72733	54859	74541	11	1
Q9ET01_29	3.59741e+006	3.86885e+006	3.49634e+006	7.98964e+006	8.4293e+006	7.87794e+006	26	1
Q9ET01_438	72260	65989	89823	124403	176982	157787	12	1
Q9ET01_470	197961	159964	184497	384501	578233	370128	8	1
Q9ET01_724	177544	154063	195577	426373	487214	454144	8	1
Q9ET01_804	455716	411683	350699	1.15996e+006	880852	1.02057e+006	21	1
Q9JHI5_56	3.17648e+006	2.5032e+006	2.16632e+006	5.03046e+006	5.24886e+006	4.81541e+006	23	1
Q9JHW2_68	595435	541444	545619	1.26188e+006	1.34235e+006	1.28536e+006	13	1
Q9JHW4_307	228180	262995	255279	1.04804e+006	1.12036e+006	996649	12	1
Q9JII6_141	181189	145685	199278	329014	335779	325798	8	1
Q9JII6_240	172852	209866	153243	398295	513248	417300	13	1
Q9JJI8_50	264058	234472	228162	541239	621396	566847	11	1
Q9JJL8_110	85126	131269	98257	454754	167611	260600	12	1
Q9JLI6_263	26279	51714	39305	126554	135857	108441	11	1
Q9JLJ2_30	1.39195e+006	1.26974e+006	1.17883e+006	2.76292e+006	2.72866e+006	2.43448e+006	22	1
Q9JLJ2_303	1.27749e+006	1.15034e+006	1.10938e+006	2.77247e+006	2.88298e+006	2.57872e+006	25	1
Q9JLJ2_310	523357	446570	402054	878367	852309	994002	22	2
Q9JLJ2_316	166279	168272	146007	423469	303802	348644	8	1
Q9JLJ2_344	503941	507080	498727	982525	962018	977720	11	1
Q9JLJ2_49	279080	244854	414864	986769	969467	861849	12	1
Q9JLT4_153	492843	435462	461557	904641	972842	906941	13	1
Q9JLT4_329	308417	369180	409434	809911	774952	654011	22	1
Q9JLT4_337	98136	94747	90151	142040	135977	133352	10	1
Q9JLZ3_179	990195	1.05669e+006	1.02791e+006	2.15724e+006	2.59402e+006	2.48216e+006	24	1
Q9JLZ3_186	2.00954e+006	1.74741e+006	1.69912e+006	4.19875e+006	4.044e+006	3.84527e+006	24	1
Q9JLZ3_84	571656	590770	552506	1.16101e+006	1.25782e+006	1.11571e+006	18	2
Q9JMA7_493	213786	248666	245882	557826	424681	546218	11	1
Q9JMD3_221	320511	270980	350235	567149	806046	731501	13	1
Q9JMD3_93	729749	649113	623429	1.4383e+006	1.49613e+006	1.43485e+006	12	1
Q9QXD6_151	52418	34188	44791	97498	114032	76709	10	1
Q9QXD6_269	137357	138876	118822	199028	259448	211204	12	1
Q9QXD6_301	1.05081e+006	956281	867724	2.48418e+006	2.61556e+006	2.17152e+006	12	1
Q9QXF8_159	422133	389710	354133	878238	1.02622e+006	892795	13	1
Q9QXF8_196	465766	492781	493928	987503	958033	955799	12	1
Q9QXF8_201	210613	200614	207301	404260	416889	415397	11	1
Q9QXF8_238	1.11812e+006	1.00396e+006	920371	1.80235e+006	1.86288e+006	1.79755e+006	9	1
Q9QXF8_93	369011	345024	387546	684693	746862	716711	10	1
Q9QXG4_418	1.30594e+006	1.22985e+006	1.24104e+006	2.77757e+006	2.65314e+006	2.38213e+006	23	1
Q9QXX4_18	49501	74328	24468	170144	122850	101172	12	1
Q9QXX4_406	488056	436603	430352	1.08934e+006	1.25282e+006	1.08214e+006	25	1
Q9QXX4_485	748047	658337	636398	1.56684e+006	1.7249e+006	1.44541e+006	21	1
Q9QXX4_581	649850	328166	736042	907377	1.44959e+006	1.42114e+006	11	1
Q9QXX4_663	112336	110914	112377	298639	289464	262050	12	1
Q9R0H0_260	549438	935154	364313	2.56957e+006	2.53469e+006	2.35906e+006	12	1
Q9R0H0_267	266443	247720	254647	575977	600508	551563	12	1
Q9R0H0_542	260767	284122	283012	509456	579840	601585	8	1
Q9R0H0_643	155490	182494	147347	348417	247236	251713	11	1
Q9R0P3_198	162400	143173	194334	270433	512393	379987	9	1
Q9R112_173	61830	60819	66878	124646	177583	130416	9	1
Q9R112_365	160068	161843	145093	325357	379622	294532	8	1
Q9R1P1_77	1.00996e+006	1.1966e+006	1.22901e+006	3.42552e+006	3.39348e+006	3.3605e+006	35	2
Q9WTP7_29	554755	479390	479051	1.04152e+006	1.0689e+006	1.04259e+006	10	1
Q9WTP7_34	3.99568e+006	3.86979e+006	3.9059e+006	7.86371e+006	8.91465e+006	7.52869e+006	26	1
Q9WU19_369	301376	254731	263303	552514	633353	540317	9	1
Q9WU79_356	266566	233278	277404	572604	560974	486571	24	1
Q9WUM5_105	1.09171e+006	1.04587e+006	1.21435e+006	2.58011e+006	2.10122e+006	2.54167e+006	13	1
Q9WUM5_81	132316	127255	136214	301794	288716	282923	10	1
Q9WUM5_94	399676	409572	290917	837509	905084	668224	13	1
Q9WUR2_90	528652	472207	434838	1.35649e+006	1.28719e+006	1.17321e+006	23	1
Q9WUR9_186	311032	86978	73167	284379	158895	353989	10	1
Q9WVL0_144	134389	143314	121414	521187	497817	485590	13	1
Q9WVL0_95	428334	255319	496348	1.06714e+006	1.10929e+006	1.06202e+006	10	1
Q9WVM8_179	383440	382257	334012	776943	829939	701205	12	1
Q9WVM8_263	782496	694341	669835	1.42346e+006	1.50185e+006	1.48413e+006	12	1
Q9WVM8_422	301924	308278	291267	630776	671680	610797	12	1
Q9WVM8_69	1.12396e+006	879462	1.04665e+006	2.20955e+006	1.3826e+006	1.91694e+006	10	1
Q9Z0X1_243	593426	463281	448762	1.23873e+006	1.51609e+006	1.53738e+006	23	1
Q9Z1Q9_644	138281	48191	43866	95058	107222	138260	9	1
Q9Z2I8_228	39473	61607	58472	198117	222585	221145	7	1
Q9Z2I8_387	72816	61450	82120	120077	132156	135666	8	1
Q9Z2I9_438	425956	415621	351480	946639	957010	919799	9	1
Q9Z2I9_88	786528	765646	765209	1.56217e+006	1.74358e+006	1.56914e+006	22	1
RS27A_HUMAN_107	63459	51532	57879	102694	113100	105443	8	1
